VAR_ID	Effect_Allele_PH	MAF_PH	BETA	SE	P_VALUE	N_PH
4_6292915_A_G	G	0.2667	-0.002551	0.004391	0.5731905	29327
4_6293350_T_C	C	0.2667	-0.002387	0.004395	0.5984846	29343
4_6294607_G_A	A	0.2812	-0.002426	0.004537	0.6041559	29143
4_153252061_A_G	G	0.2583	-0.002302	0.004934	0.651006	29157
5_101554481_C_T	T	0	0.00463	0.013438	0.7383053	22609
5_78581371_T_A	A	0.35	3.47e-4	0.00437	0.9386226	29346
19_33910740_C_T	T	0.4237	0.01863	0.00442	4.41e-5	29297
5_102704259_T_C	C	0.2417	0.003037	0.00496	0.5527249	29344
9_22036112_G_T	T	0.375	0.0047	0.00444	0.3046758	29337
8_11144314_T_C	C	0.425	-0.001883	0.004824	0.7050372	22795
8_10813904_G_T	T	0.4576	-0.001631	0.005184	0.7603788	23835
8_11130977_G_T	T	0.4	0.001582	0.004801	0.7492797	23980
22_44336310_A_G	G	0.2083	-0.008405	0.005558	0.1424896	29346
8_10990672_C_T	T	0.3898	3.77e-4	0.004894	0.940442	24082
6_20577561_G_T	T	0.3482	-0.002467	0.004845	0.6214955	29045
10_114742835_G_A	A	0.4074	-0.0032	0.005003	0.5351087	29335
2_43552460_G_C	C	0.1121	5.55e-4	0.006855	0.9373699	29299
2_161087411_T_C	C	0.3036	0.001103	0.004878	0.8264736	29284
2_227019461_C_T	T	0.2083	0.019615	0.005419	4.51e-4	29279
2_165508389_C_T	T	0.4407	0.019261	0.004475	3.04e-5	29326
2_43839896_G_A	A	0.1	0.00502	0.006792	0.4735752	29321
2_43840048_G_A	A	0.1	0.005135	0.006806	0.4644918	29321
2_43690030_C_T	T	0.08333	0.005494	0.00746	0.4751645	29324
2_227041527_A_C	C	0.1167	-0.007755	0.006181	0.2237474	29296
7_69641784_A_G	G	0.1833	0.0078	0.00493	0.1250055	29346
7_18267499_C_T	T	0.2917	-0.001438	0.005055	0.782739	29308
7_15993577_A_G	G	0.3167	-0.002443	0.004943	0.6317889	29323
7_89912301_G_A,T	A	0.2167	6.31e-4	0.005275	0.9076617	29346
5_157994544_A_G	G	0.2667	-0.012624	0.00542	0.0239384	29346
5_102690633_C_A	A	0.3833	0.005163	0.004532	0.2693444	29081
19_12492039_G_T	T	0.4818	0.009544	0.004515	0.0404432	29162
19_19643028_C_A	A	0.3534	-3.53e-4	0.004585	0.940416	29343
8_8890041_A_G	G	0.4917	-0.00341	0.004728	0.4843095	24076
4_6304242_T_C	C	0.2241	5.39e-4	0.004691	0.9112258	28888
4_6304286_C_T	T	0.1964	-0.002098	0.004821	0.6730356	29133
9_34012222_T_A	A	0.275	-0.002921	0.0049	0.5631616	29338
5_101946548_G_C	C	0.2193	0.010276	0.004846	0.0398048	29340
5_101918306_T_C	C	0.3083	0.007344	0.004574	0.1194508	29342
2_60669931_T_C	C	0.3333	-0.003602	0.005203	0.50205	27641
2_43806918_C_T	T	0.1083	0.004729	0.006604	0.4875072	29333
19_19723215_C_T	T	0.09167	-0.008519	0.008144	0.3104009	29345
6_7281654_A_G	G	0.3898	-0.006443	0.004396	0.1553156	29300
8_8378422_C_T	T	0.3333	6.71e-4	0.005147	0.8994251	24009
8_10652352_A_G	G	0.25	-0.003937	0.005825	0.5122559	24067
12_39422793_T_C	C	0.475	0.002498	0.004504	0.5908429	29343
9_96945748_C_T	T	0.2881	0.00427	0.005026	0.4100785	27592
4_104214616_A_G	G	0.375	8.7e-4	0.00451	0.8516811	29337
14_33293122_A_G	G	0.425	-0.004507	0.004937	0.3760633	27939
15_84591575_A_G	G	0.475	-0.006626	0.004637	0.1658456	27707
15_90425002_C_A	A	0.2917	0.001717	0.004734	0.7250935	29342
17_4008820_G_A	A	0.1083	-0.011993	0.005836	0.0463375	29347
6_31146403_C_T	T	0.125	-0.005861	0.005592	0.3094269	29343
1_205115150_C_A	A	0.25	-0.015733	0.005188	0.003286	29343
5_14847331_G_A	A	0.4492	-0.00162	0.004648	0.7353024	29208
1_205129319_G_A	A	0.2583	-0.018525	0.005231	5.981e-4	29237
9_22003367_G_A	A	0.4	0.004247	0.004476	0.3575131	29346
10_121701160_G_T	T	0.2417	0.010639	0.005146	0.0450296	29346
12_71597470_A_C	C	0.2833	0.008768	0.00493	0.0846334	27898
10_94477219_T_A	A	0.375	-0.006497	0.004477	0.1593551	29337
9_4292083_G_A	A	0.4196	-0.003659	0.004397	0.4197706	29309
10_71469969_G_T	T	0.4333	0.00827	0.00457	0.079289	29315
11_92706944_A_G	G	0.4352	-0.006845	0.004632	0.1518263	29094
11_13340710_T_A	A	0.2333	-0.002548	0.004991	0.6205832	29261
11_2826199_A_G	G	0.04167	0.008832	0.010997	0.4361582	29306
11_9836114_A_T	T	0.1917	0.013404	0.012195	0.2864943	20705
12_26299270_C_G	G	0.3898	-0.001573	0.004603	0.7403294	29321
9_139269338_C_T	T	0.4746	-0.002261	0.00468	0.639452	29336
10_94190580_A_G	G	0.3305	-0.006197	0.004998	0.2292324	29344
10_94367230_A_G	G	0.3917	-0.009936	0.004427	0.02955	29345
10_112697241_C_T	T	0.2155	-0.006228	0.005127	0.2387921	29342
10_114781297_A_C	C	0.4167	0.006358	0.004358	0.1571936	29339
11_72710761_T_C	C	0.3017	-0.002069	0.004492	0.6551654	29343
1_29054752_T_G	G	0.45	0.00109	0.004362	0.8084627	29343
9_22013411_G_T	T	0.4915	0.00431	0.004407	0.3429975	29297
9_22128600_G_A	A	0.35	-4.95e-4	0.006117	0.9374045	24111
9_22134094_T_C	C	0.2083	-0.00402	0.005808	0.5021992	29321
10_80927961_T_C	C	0.2119	-0.008702	0.005597	0.1316998	27624
11_92681013_C_T	T	0.2833	7.4e-4	0.00497	0.8852522	29344
11_92694757_A_G	G	0.3833	-0.002184	0.004609	0.6459635	29144
11_17394073_C_G	G	0.4018	0.006309	0.004455	0.1696579	29333
11_43822885_A_G	G	0.1909	0.003736	0.005076	0.475529	29197
12_27965150_C_T	T	0.1333	0.007062	0.005692	0.2289096	29260
12_27967385_A_T	T	0.2167	0.007605	0.006208	0.234854	26108
12_4033222_G_C	C	0.225	-0.002252	0.005676	0.7004062	29221
16_53804965_T_C	C	0.4167	0.006366	0.004506	0.170675	29244
18_57851763_A_G	G	0.2833	-0.008526	0.00538	0.1243463	29311
1_93421930_A_G	G	0.4583	-0.001207	0.004346	0.7877347	29324
12_66347870_A_C	C	0.2241	-0.005324	0.00661	0.4347925	20617
10_94117786_C_T	T	0.4333	0.001266	0.004372	0.778931	29328
10_94374377_C_T	T	0.4052	-0.010288	0.004412	0.0237853	29343
10_94387676_T_A	A	0.4052	-0.009855	0.004429	0.0309713	29346
10_94394402_T_G	G	0.3559	-0.008004	0.004653	0.0953198	29342
10_94460687_C_G	G	0.4667	-0.00669	0.004392	0.1396429	29340
10_94466495_G_C	C	0.4407	-0.005066	0.004384	0.2624678	29338
10_114761697_A_C	C	0.4153	0.006769	0.004473	0.1422974	29283
10_114777724_A_G	G	0.4167	0.006336	0.004365	0.1592729	29338
10_114808072_T_C	C	0.4167	0.008126	0.004346	0.0697974	29341
1_177809560_G_C	C	0.2333	0.005897	0.007244	0.4298976	27277
1_29073292_A_G	G	0.4083	0.001099	0.004389	0.8082078	29346
1_20733236_C_G	G	0.4018	0.003813	0.004657	0.4272834	29067
1_120489057_A_T	T	0.1441	-0.0020830000000000002	0.00666	0.7616335	29075
2_227184631_C_T	T	0.35	-0.016073	0.00481	0.0012	28937
3_123130684_C_T	T	0.25	0.010725	0.005568	0.0617913	28920
4_6295087_T_A	A	0.25	-0.002642	0.0044	0.5604218	29327
4_6295217_T_C	C	0.2627	-0.002658	0.004401	0.5582041	29327
4_6295322_C_G	G	0.25	-0.001337	0.004741	0.7845652	28971
4_6295451_A_G	G	0.2667	-0.00251	0.004408	0.5808099	29327
4_6306763_G_C	C	0.2833	-0.003527	0.004611	0.4581978	28979
5_54873285_C_T	T	0.3083	0.007449	0.004714	0.1254694	29347
6_20601693_A_G	G	0.2909	-0.002358	0.00493	0.6428757	29060
6_20661034_A_C	C	0.3083	-0.010269	0.004601	0.0304583	29347
6_20717404_A_G	G	0.15	-0.009768	0.005551	0.0879549	29342
6_20753441_C_T	T	0.3667	0.003856	0.004733	0.4296096	29307
6_20758760_A_G	G	0.4667	0.004729	0.004395	0.2967946	29303
7_14887734_G_A	A	0.5	1.61e-4	0.004511	0.9723262	29227
7_15057829_G_A	A	0.4915	-0.002383	0.00435	0.5953111	29314
9_19080352_A_G	G	0.375	-6.46e-4	0.004463	0.8883252	29321
9_22029445_G_A	A	0.4833	0.004491	0.004347	0.3165461	29322
9_22067276_T_A	A	0.3417	0.003522	0.004701	0.4675327	27601
9_22130065_A_G	G	0.1333	0.003882	0.007583	0.6196037	29314
9_22130515_G_A	A	0.1271	0.003806	0.007563	0.6256105	29027
9_22133284_G_A	A	0.1949	-0.006003	0.005994	0.331521	29271
9_4291928_A_C	C	0.3917	-0.005088	0.004695	0.2932817	28924
11_92667730_G_C	C	0.35	-9.57e-4	0.004773	0.8458162	28814
11_92690661_T_C	C	0.2857	1.1e-5	0.005136	0.9983205	29245
11_93061244_G_C	C	0.3796	0.007338	0.004499	0.113691	29300
11_49448818_C_T	T	0.07018	-0.008662	0.00812	0.3009138	29343
11_49502848_T_C	C	0.06034	-0.005089	0.008757	0.5730968	29302
11_2107107_G_A	A	0.1638	-0.007326	0.006493	0.2739	29286
11_2204288_G_T	T	0.4083	0.010507	0.006064	0.092973	20549
12_27922074_T_C	C	0.1574	0.003971	0.005176	0.4569103	29335
12_4374373_A_G	G	0.2333	-0.008502	0.006147	0.1798436	28179
6_7288544_A_C	C	0.3772	-0.008662	0.005176	0.1046244	20663
15_63922474_T_C	C	0.275	0.006471	0.004398	0.1535812	29343
16_69909115_G_A	A	0.4717	-0.015176	0.004342	7.058e-4	29341
16_53805207_C_A	A	0.4833	0.003361	0.004519	0.4707963	29217
16_53815161_T_G	G	0.425	0.008142	0.00439	0.0721124	29264
16_53819877_C_T	T	0.4074	0.005228	0.004412	0.2505659	29335
16_53819893_A_G	G	0.4483	0.005229	0.004461	0.2556019	29335
19_46157463_G_A	A	0.1333	-0.004335	0.008606	0.625285	19148
10_81043372_G_C	C	0.5	-0.003308	0.004433	0.469321	29157
1_219622072_T_A	A	0.4583	-0.018146	0.004468	8.28e-5	29162
2_100750750_A_C	C	0.2667	-0.003461	0.005053	0.5066313	29325
3_15873407_A_G	G	0.4576	-0.001364	0.004482	0.7679059	29335
3_47181661_C_A	A	0.45	-0.018895	0.004373	2.83e-5	29339
3_50003246_C_T	T	0.431	-0.001075	0.004345	0.8103432	29346
9_81342657_A_T	T	0.3583	0.005207	0.004552	0.2674035	28806
18_57852948_A_C	C	0.2833	-0.008289	0.005379	0.1351086	29309
14_69502145_G_A	A	0.3333	-6.82e-4	0.004617	0.8860536	29325
10_93961517_T_C	C	0.2288	-0.005181	0.00484	0.2993098	29321
10_94214580_A_G	G	0.3559	-0.007889	0.00453	0.0913055	29308
10_94257976_C_T	T	0.2627	0.006269	0.005197	0.242123	29346
10_94262359_T_A	A	0.35	-0.008038	0.004509	0.0838743	29310
10_94308253_T_C	C	0.3136	0.004381	0.004892	0.3852654	29345
10_94340705_C_G	G	0.3559	-0.008702	0.004551	0.0637048	29245
10_94368178_G_A	A	0.2417	-0.006053	0.005657	0.2994774	29106
10_94406237_A_T	T	0.3534	-0.008027	0.004687	0.0967538	29341
10_114734096_A_G	G	0.2759	-0.001692	0.006122	0.7887638	26905
10_114749018_G_A	A	0.0678	0.002546	0.010609	0.8159527	26481
10_114801938_C_G	G	0.4083	0.007116	0.004364	0.1138395	29295
10_114803307_A_T	T	0.05085	-0.00646	0.010736	0.5596197	27894
10_114807047_G_C	C	0.4052	0.007744	0.004347	0.0841138	29331
10_114811316_T_C	C	0.4237	0.007012	0.004367	0.1194698	29338
10_114821249_T_C	C	0.4333	0.00277	0.004409	0.5423155	29314
10_114821554_C_T	T	0.4333	0.002725	0.004426	0.5505288	29318
1_39620957_A_C	C	0.2583	-0.002948	0.004919	0.5611565	29340
1_72883303_A_G	G	0.178	0.003652	0.005645	0.5304666	29229
16_53809247_G_A	A	0.475	0.003658	0.004497	0.4303185	29207
2_25675712_A_G	G	0.2417	0.001429	0.004987	0.7811276	29338
6_7275926_A_G	G	0.375	-0.006834	0.004427	0.1344222	29255
8_11411005_G_C	C	0.4818	-4.4e-4	0.005532	0.9384605	23640
10_12307894_C_T	T	0.2586	0.00695	0.005429	0.2144836	29231
10_13536073_C_A	A	0.3814	0.003734	0.004495	0.4205881	29319
15_84580582_A_C	C	0.475	-0.007416	0.004313	0.0954483	29344
2_165528624_G_T	T	0.4407	0.019196	0.004467	3.12e-5	29329
10_98981643_T_C	C	0.2417	-0.00362	0.004625	0.4478576	29327
7_15059272_A_C	C	0.4576	0.004046	0.004378	0.3702013	29316
11_92679778_C_T	T	0.325	0.002272	0.004668	0.6369348	29244
8_118185733_A_G	G	0.2542	0.001532	0.005142	0.77275	23917
11_72727840_A_G	G	0.1333	0.007664	0.005644	0.1879291	29346
11_72615069_C_G	G	0.125	0.007138	0.005895	0.2403178	29346
11_2825871_C_T	T	0.04167	0.020399	0.014356	0.1682364	29185
11_72432985_G_A	A	0.1186	0.008707	0.005943	0.1553975	29344
11_49684925_C_T	T	0.06667	-0.010631	0.007882	0.190878	29345
10_104909890_A_G	G	0.225	2.86e-4	0.005253	0.9578688	29343
15_77747276_A_G	G	0.3083	0.003907	0.004687	0.4189247	29345
15_77403228_G_A	A	0.4167	0.002273	0.004526	0.6262129	29328
16_53845487_C_A	A	0.45	0.002937	0.004759	0.549613	29140
18_57767635_T_C	C	0.2083	-0.001184	0.005929	0.8464065	29346
18_57876227_T_C	C	0.3167	-0.005679	0.004983	0.2691027	29246
18_57876034_C_T	T	0.3083	-0.006004	0.004977	0.2421157	29340
19_46172278_G_A	A	0.09167	-0.007351	0.008926	0.4245267	19272
2_27558252_A_G	G	0.475	0.015269	0.004549	0.0011403	29175
2_226965347_G_T	T	0.225	0.019819	0.00519	2.152e-4	29331
12_121416650_A_C	C	0.2833	-0.002105	0.00465	0.6607102	29183
21_47764477_T_C	C	0.2542	0.001268	0.005142	0.8110152	29341
3_185544309_G_A	A	0.4083	0.003577	0.004569	0.4478278	29336
3_185497293_C_T	T	0.2414	-0.005971	0.004973	0.2442716	29337
3_123065778_A_G	G	0.2167	0.01293	0.005517	0.0230719	29198
3_47198826_G_A	A	0.45	-0.018926	0.004377	2.78e-5	29339
3_123066010_A_G	G	0.4583	0.002917	0.004321	0.5127386	29246
3_12188495_A_G	G	0.05	0.001205	0.00944	0.9014508	26622
3_12336507_G_A	A	0.075	0.00396	0.006682	0.5655409	29334
3_185526690_T_A	A	0.2917	-0.008032	0.004651	0.0940044	29326
3_136182053_C_T	T	0.2417	-3.34e-4	0.005025	0.9485713	29343
3_185506003_T_C	C	0.2586	-0.005947	0.005094	0.2575924	29186
3_12267084_G_T	T	0.03333	0.002206	0.009909	0.829083	29308
6_76340662_G_T	T	0.3417	-0.006051	0.004554	0.1975646	29335
6_41082688_G_A	A	0.1667	-0.008291	0.005475	0.1420349	29346
7_14923907_A_T	T	0.1102	0.001154	0.00682	0.869617	29188
7_14877519_G_C	C	0.03333	-4.71e-4	0.008544	0.9573506	26581
8_118220270_T_C	C	0.2328	0.001512	0.005845	0.8019513	23655
11_118949083_G_A	A	0.3667	-0.002952	0.004498	0.5245465	29274
8_11020313_G_T	T	0.3917	0.002011	0.004919	0.6917768	24028
7_157038803_A_G	G	0.4167	-0.001858	0.004519	0.6900618	29322
7_157058557_G_A	A	0.4224	-0.002506	0.005505	0.6589432	20646
15_91530158_T_C	C	0.1833	-0.004052	0.004998	0.4317676	29297
15_77896786_G_A	A	0.325	-0.002745	0.004654	0.5674244	29224
15_77596725_C_T	T	0.2	0.003314	0.004945	0.5157996	29344
18_58049192_A_C	C	0.03333	0.014941	0.013787	0.2933263	25145
19_46304400_G_A	A	0.3833	-0.004628	0.004739	0.3436126	29310
2_43848550_A_T	T	0.04717	0.005028	0.006835	0.4756714	29321
2_43849406_A_C	C	0.09649	0.005806	0.006925	0.4162306	29321
2_43850031_A_G	G	0.1	0.005347	0.006934	0.4546341	29321
2_43618819_C_T	T	0.06667	0.004379	0.007504	0.5714694	29329
2_43850357_G_C	C	0.1017	0.005333	0.006941	0.4562795	29321
2_43848664_T_C	C	0.1	0.005701	0.006909	0.4236381	29321
3_12210132_C_T	T	0.008475	0.01327	0.013902	0.3546729	25420
4_153291513_C_T	T	0.25	-0.002044	0.004834	0.6817686	29217
4_20116918_C_T	T	0.2167	-0.004606	0.006883	0.5164485	29295
4_20158619_A_T	T	0.2	-0.005675	0.00676	0.4156215	29346
6_20534974_T_C	C	0.06034	-0.011818	0.010385	0.2698218	29344
6_20602797_A_G	G	0.3083	-0.002035	0.004575	0.666334	29340
6_20647962_T_A	A	0.5	0.011178	0.004383	0.0134301	29337
6_20841480_T_C	C	0.05833	-0.015833	0.007793	0.0488655	29339
7_130433594_C_G	G	0.2667	0.003212	0.004882	0.5234775	29138
7_14882428_G_A	A	0.125	1.6e-4	0.006329	0.9803767	29282
9_3281518_T_C	C	0.125	-0.011547	0.006685	0.0939678	29320
1_64137467_G_A	A	0.008929	-1.318	0.325153	8.56e-5	1033
1_205134987_T_C	C	0.2667	-0.018608	0.005165	4.805e-4	29278
1_51246155_C_T	T	0.1083	0.009552	0.007783	0.2340254	29283
2_43678759_C_G	G	0.07895	0.007301	0.007374	0.3370311	29336
2_43676433_T_G	G	0.07895	0.007273	0.007372	0.3387544	29336
6_20724558_T_G	G	0.2034	-0.011736	0.005291	0.031525	29280
7_102482527_T_C	C	0.1417	-0.005581	0.00553	0.3277563	29342
14_79681303_A_G	G	0.2	0.012139	0.011063	0.2873095	19974
16_53842908_G_A	A	0.45	0.004388	0.004545	0.3492183	29260
13_80707429_A_G	G	0.2833	-0.004039	0.00485	0.4193725	29306
6_20764317_A_G	G	0.4655	0.004083	0.004395	0.367625	29342
6_20800635_G_C	C	0.2333	0.006817	0.005286	0.2110814	27950
9_19029137_T_C	C	0.4	-0.0024	0.004524	0.6069236	29268
10_114820191_T_C	C	0.07143	2.06e-4	0.008835	0.9819717	29227
10_114808902_G_T	T	0.2167	0.001357	0.004849	0.7861673	29346
10_114810240_T_C	C	0.4167	0.006917	0.004365	0.1244283	29344
10_114764959_C_G	G	0.0431	-0.008023	0.010891	0.4750387	27877
11_47886541_T_G	G	0.03448	0.008542	0.009602	0.3883712	29342
11_34951606_T_C	C	0.125	-0.004184	0.007005	0.562489	29330
12_132473372_C_G	G	0.1379	-0.012057	0.00764	0.1259381	20663
12_4406281_A_G	G	0.4322	0.006781	0.004954	0.1844111	27970
2_165540800_T_C	C	0.1583	0.017259	0.006779	0.0135844	29330
9_125808861_C_A	A	0.15	0.00828	0.006924	0.2461932	29335
9_4262516_G_A	A	0.25	-0.008104	0.005462	0.150218	29282
1_29047110_C_T	T	0.4483	9.03e-4	0.004353	0.8406457	29342
2_43815945_A_G	G	0.1	0.004929	0.006741	0.4783822	29323
2_67900067_C_A	A	0.3214	-0.004445	0.004903	0.3794364	29318
2_43812317_G_A	A	0.1	0.004741	0.006704	0.4928764	29328
2_161194255_C_T	T	0.2083	0.002871	0.00526	0.5966532	29334
3_12177661_A_G	G	0.008475	0.011629	0.013523	0.4043533	25434
3_170561907_C_T	T	0.1525	0.001802	0.005281	0.740795	28114
4_104095505_T_G	G	0.3917	0.002095	0.004448	0.6479194	29343
10_81010850_T_G	G	0.3818	-0.015747	0.005138	0.0029699	28955
4_104011241_T_A	A	0.178	-0.002051	0.005549	0.7200788	29236
6_20671282_A_G	G	0.04167	-0.003532	0.009961	0.7310011	29169
8_41506380_A_G	G	0.3583	-0.001218	0.004745	0.8033707	24042
10_80942631_A_G	G	0.4907	0.003974	0.004325	0.3729366	29273
11_14789037_G_A	A	0.09322	0.016925	0.007843	0.0364096	29344
15_38844106_G_A	A	0.375	0.004899	0.005101	0.3517507	29166
17_4191323_T_C	C	0.2917	0.001241	0.004636	0.7951828	29316
17_76773638_T_C	C	0.5	0.012265	0.004349	0.0062569	29336
19_19841752_C_T	T	0.04167	-0.010813	0.014012	0.4543055	26512
19_47611128_A_G	G	0.325	-0.006981	0.004777	0.1564891	29338
19_19721722_G_A	A	0.09167	-0.010431	0.008481	0.2330092	27663
19_19721976_C_T	T	0.08333	-0.006061	0.009231	0.52434	29131
2_59627114_T_G	G	0.4492	0.001442	0.004674	0.7648618	29090
6_127032499_G_A	A	0.4237	-6.97e-4	0.004321	0.8757739	29317
3_94033744_G_T	T	0.45	-0.003543	0.004304	0.4247242	29318
3_185469678_A_G	G	0.4224	0.004373	0.005008	0.3971586	29309
4_157680199_C_T	T	0.3878	0.01341	0.004581	0.0045508	29329
4_6301058_G_A	A	0.2373	9.48e-4	0.004655	0.8434027	28996
4_6294759_G_A	A	0.2667	-0.002631	0.004399	0.5620139	29327
6_31113113_C_A	A	0.04237	-0.005147	0.008558	0.5597821	26595
15_91458485_G_A	A	0.2719	0.002349	0.004472	0.6106157	29297
8_9481687_G_C	C	0.2547	-0.008077	0.004969	0.1149767	24030
8_72502883_C_T	T	0.04167	-0.019246	0.009676	0.0537815	24051
3_170707782_G_C	C	0.1167	-0.00122	0.006047	0.8448644	29346
16_89630311_G_A	A	0.1356	-0.001161	0.006165	0.8550569	27574
10_114813047_C_T	T	0.4	0.007095	0.004437	0.1209965	29341
1_111193250_C_T	T	0.1667	0.001909	0.006417	0.7730454	29298
1_177811939_C_T	T	0.25	0.006144	0.005673	0.2936763	29330
14_69467023_G_A	A	0.3167	0.002692	0.004424	0.5550895	29330
1_219762728_G_C	C	0.1724	-0.01026	0.005846	0.0888182	29342
10_114839716_G_A	A	0.3	-0.006244	0.005435	0.2652321	29341
11_76453985_G_A	A	0.1635	-0.006254	0.005603	0.2790827	29151
12_123728702_G_A	A	0.1458	-0.001	0.005961	0.870725	29083
12_71518009_T_C	C	0.4224	-0.007851	0.005219	0.1446652	20668
12_123493123_A_G	G	0.2373	0.010593	0.005237	0.0498664	29318
12_121298644_C_T	T	0.4483	2.18e-4	0.004327	0.9609482	29346
14_103874420_G_A	A	0.3621	0.001219	0.004518	0.7936152	29339
14_74977382_C_T	T	0.4828	0.00583	0.005436	0.2983912	20452
15_91544076_A_G	G	0.2368	0.003408	0.004662	0.4783943	29331
11_2734125_G_A	A	0.425	-0.00404	0.004766	0.4110948	29342
15_77817288_T_C	C	0.3304	0.004424	0.00467	0.3582548	29344
15_77807175_G_C	C	0.3417	0.004738	0.004655	0.3236622	29344
17_4063734_A_G	G	0.1102	-0.010362	0.005884	0.0876874	29296
17_66421260_G_C	C	0.2	5.11e-4	0.005245	0.9247344	29234
18_57872989_A_G	G	0.3241	-0.004291	0.005059	0.4107722	29256
18_57903604_T_C	C	0.3167	-0.006261	0.005094	0.2333404	29331
18_57911330_A_G	G	0.3136	-0.006465	0.005093	0.2183595	29321
18_57859563_C_A	A	0.3083	-0.006119	0.005083	0.2431286	29278
18_57884750_G_A	A	0.3136	-0.005844	0.004965	0.2537178	29346
2_202970250_C_T	T	0.4896	0.001116	0.004368	0.8043554	29327
2_60579624_C_T	T	0.4333	-0.003528	0.004338	0.4303799	29267
20_51036404_C_T	T	0.1983	0.010352	0.005682	0.077272	29122
5_101978990_G_A	A	0.3482	0.001142	0.004387	0.8007814	29339
3_185525199_A_G	G	0.2667	-0.005689	0.004969	0.2668966	29341
3_12369401_C_T	T	0.075	0.003378	0.0065970000000000004	0.619618	29343
3_12217797_C_T	T	0.05	0.002396	0.009531	0.807434	26604
3_12275447_G_A	A	0.04167	0.002323	0.009029	0.8029805	29339
3_12289800_A_G	G	0.04167	0.002003	0.008988	0.8288978	29345
3_12365308_G_T	T	0.075	0.003363	0.0066	0.6212394	29343
3_12301360_G_T	T	0.05	0.002362	0.009038	0.7999724	29344
3_141069782_G_A	A	0.1017	0.003551	0.011344	0.7614844	26594
3_86925437_T_C	C	0.4167	0.003573	0.00457	0.4483044	29306
4_6293446_T_C	C	0.2083	-0.002527	0.004533	0.5887569	29151
4_6294544_A_G	G	0.2672	-0.002653	0.004396	0.5584882	29327
4_6294630_A_G	G	0.2404	-0.002675	0.004397	0.5552391	29327
5_51838397_A_G	G	0.4224	-1.56e-4	0.004312	0.9720374	29335
5_55861359_G_A	A	0.1724	7.98e-4	0.005612	0.8902788	29324
10_12245520_G_A	A	0.2833	0.008696	0.005442	0.1212331	29312
10_12245314_T_G	G	0.5	-0.007059	0.004467	0.1254871	29329
6_20658218_C_T	T	0.2	-0.008616	0.005562	0.1330265	29344
6_20630397_G_A	A	0.2119	-0.009283	0.00565	0.1111112	29338
6_20678544_C_G	G	0.05085	-0.018427	0.010944	0.1025338	29321
6_20661021_G_A	A	0.2	-0.008578	0.00556	0.1346155	29346
6_20539341_C_T	T	0.06667	-0.011844	0.010256	0.2627599	29347
6_20540617_A_G	G	0.06667	-0.012161	0.010252	0.250042	29346
6_20598303_G_A	A	0.06667	-0.01387	0.010177	0.1863018	29346
6_7037637_G_A	A	0.4333	-0.001862	0.004395	0.6811629	29293
6_20574563_A_G	G	0.06897	-0.013065	0.010226	0.2153575	29345
8_9799953_G_C	C	0.1417	-0.005777	0.007222	0.4379717	23883
8_104376291_T_C	C	0.2542	-0.004779	0.005563	0.4048349	24085
8_118184783_C_T	T	0.25	0.002121	0.005292	0.6975832	24082
8_41578748_C_G	G	0.1667	-0.001009	0.006952	0.888043	24055
3_23212575_C_A	A	0.04237	0.00615	0.007682	0.4375433	29344
9_22040765_C_T	T	0.375	0.004965	0.004411	0.2750325	29334
9_22065657_G_C	C	0.3417	0.003945	0.004449	0.389898	29345
9_22136489_A_T	T	0.1583	-0.005397	0.006922	0.449667	28731
16_75295639_C_A	A	0.1333	0.009456	0.007248	0.2058311	29330
2_43493133_C_T	T	0.1417	0.003544	0.006774	0.6119388	29333
2_165528876_C_T	T	0.4397	0.019206	0.004466	3.08e-5	29329
2_637830_A_G	G	0.1102	0.00371	0.005645	0.5240105	29328
2_43706350_C_G	G	0.08333	0.005776	0.007428	0.4508572	29335
2_43501686_G_A	A	0.1441	0.002873	0.006785	0.681439	29333
2_43461119_C_T	T	0.1417	0.004155	0.00682	0.5546602	29320
2_43495108_A_T	T	0.1293	0.003273	0.00678	0.6397334	29333
2_43610027_C_T	T	0.06667	0.005682	0.007496	0.4623193	29337
2_43701151_T_C	C	0.08333	0.005669	0.007418	0.4586602	29336
2_43515483_G_C	C	0.102	0.002067	0.0068780000000000004	0.7707828	29324
2_43567218_T_C	C	0.1083	-2.2e-4	0.006994	0.97560500000000006	29327
2_43705265_A_G	G	0.08333	0.005906	0.007301	0.4328227	29202
2_43468636_T_C	C	0.1417	0.004299	0.006812	0.5406086	29320
2_227026864_T_A	A	0.3583	0.022138	0.004727	5.67e-6	29298
2_43494221_G_T	T	0.1417	0.004101	0.006771	0.5570036	29334
2_43481013_G_A	A	0.1417	0.003048	0.006797	0.6637461	29338
2_59089261_A_C	C	0.3083	-0.00421	0.005225	0.4346103	27703
2_166597357_C_G	G	0.4667	0.001714	0.004402	0.705794	29254
8_116563879_A_C	C	0.3333	0.002087	0.004763	0.670976	24071
2_43449385_C_T	T	0.1417	0.004284	0.006974	0.5514879	29320
11_92673828_C_T	T	0.2833	0.001327	0.004955	0.7951151	29345
2_43736969_T_C	C	0.08333	0.006631	0.007453	0.3883113	29329
22_41610391_G_A	A	0.322	-7.25e-4	0.004429	0.8739026	29345
22_41610406_C_G	G	0.3158	-7.19e-4	0.004429	0.8749878	29345
22_41628902_G_T	T	0.3167	5.28e-4	0.004599	0.9113727	29209
2_227125416_T_A	A	0.3833	-0.021975	0.004506	2.29e-6	29308
2_227083411_A_G	G	0.3917	-0.020434	0.004515	1.16e-5	29337
3_183642751_A_G	G	0.4746	-0.002007	0.004319	0.6523565	29336
9_22043926_A_G	G	0.3667	-0.004582	0.004408	0.3134946	29345
16_53800954_T_C	C	0.4483	0.003306	0.004518	0.4780155	29291
3_71569678_G_T	T	0.3667	0.001389	0.004408	0.760041	29308
5_44859172_C_G	G	0.3417	0.001801	0.004486	0.697079	29344
5_44706931_G_A	A	0.3833	-9.38e-4	0.004488	0.8393769	29201
7_130466091_A_G	G	0.4196	0.003465	0.004768	0.481073	29208
8_41272607_A_T	T	0.1271	0.002761	0.007002	0.7021631	24085
11_92718163_A_G	G	0.5	-0.009038	0.004367	0.0448037	29294
11_92722761_G_A	A	0.5	-0.009061	0.004342	0.0430227	29347
3_123084379_G_A	A	0.4667	0.001727	0.004298	0.6968351	29343
18_57861961_G_A	A	0.3083	-0.00628	0.00506	0.2288364	29278
3_185529174_T_A	A	0.2931	-0.009467	0.005461	0.0928004	20652
3_185529327_A_G	G	0.2667	-0.005625	0.00496	0.2714263	29340
4_95036553_T_A	A	0.4906	0.005892	0.00434	0.1880377	29328
16_53808258_A_G	G	0.2833	0.00541	0.004778	0.272245	29114
5_74524837_A_G	G	0.3667	1.37e-4	0.004502	0.9763668	29345
4_103977938_T_A	A	0.4	0.00282	0.004718	0.5621834	27670
9_84305732_T_G	G	0.3583	-0.002639	0.005255	0.6262893	29344
12_71577582_T_C	C	0.4667	0.003606	0.004493	0.4364344	29214
3_23454790_A_G	G	0.1983	0.003873	0.005484	0.4934203	27663
4_185615764_C_A	A	0.2155	-0.002966	0.005794	0.619618	29345
2_147852955_T_C	C	0.15	-0.001028	0.006075	0.869673	29320
8_8696449_T_G	G	0.4083	0.005579	0.004788	0.2585163	24060
12_71568348_T_G	G	0.4737	0.003646	0.004453	0.4272302	29239
2_227073854_C_T	T	0.3583	-0.021365	0.004647	8.38e-6	29275
2_227128899_G_A	A	0.3833	-0.02171	0.004527	3.37e-6	29308
2_227128917_C_A	A	0.3833	-0.021364	0.004533	4.95e-6	29307
2_227098387_A_G	G	0.4833	-0.012299	0.004347	0.0060985	29337
6_126964026_G_T	T	0.425	8.79e-4	0.004301	0.8428339	29346
4_157651817_G_T	T	0.4	0.013576	0.004584	0.004096	29339
9_22036367_C_T	T	0.3667	0.004768	0.004451	0.2989606	29334
16_53803574_T_A	A	0.45	0.003328	0.004511	0.4743348	29297
3_12285405_G_A	A	0.02941	0.001597	0.009004	0.8634576	29345
15_84572229_C_G	G	0.32	-0.012468	0.005041	0.0164918	28690
15_77657682_C_T	T	0.2	0.005595	0.005244	0.3008001	27704
7_142623579_T_C	C	0.03774	-0.002352	0.007651	0.7656442	29296
11_34909926_T_G	G	0.2672	0.010766	0.004741	0.0276954	29345
11_92721319_G_A	A	0.4917	-0.008876	0.004355	0.0481424	29293
8_11345644_A_G	G	0.45	-6.67e-4	0.00487	0.8942727	23723
6_7034675_A_T	T	0.161	-0.002792	0.00566	0.6324759	29347
11_2847069_T_G	G	0.4417	-0.012506	0.004517	0.007283	29345
7_28189411_T_C	C	0.4746	0.012377	0.004321	0.00549	29347
2_158283430_C_T	T	0.05085	-0.007314	0.009666	0.4631439	29236
3_185488882_G_A	A	0.2456	-0.00522	0.005327	0.3419543	29297
6_51417405_A_G	G	0.04464	0.004218	0.014074	0.7713509	29305
5_53300748_C_T	T	0.1667	-0.010956	0.006224	0.0878268	29330
6_20559611_A_G	G	0.06667	-0.01277	0.010225	0.2258864	29345
6_20655503_A_G	G	0.2	-0.008771	0.005576	0.1271364	29344
6_20656945_T_C	C	0.1949	-0.008621	0.005564	0.1329768	29344
8_41318439_T_C	C	0.15	0.003394	0.006546	0.6151316	24083
5_53285656_A_G	G	0.2931	-0.016004	0.004483	5.395e-4	29332
15_77734261_G_A	A	0.3167	0.002489	0.004638	0.6027747	29342
18_36354957_G_A	A	0.08333	-0.013401	0.008492	0.1259697	28609
18_36607366_G_T	T	0.09167	0.003261	0.007782	0.6845529	29342
18_40083853_G_A	A	0.2083	0.006783	0.005294	0.2141302	29325
22_30552813_A_G	G	0.0339	0.02329	0.008055	0.0050659	29317
19_19658472_G_T	T	0.0614	-0.007323	0.008065	0.3786448	29269
2_27451099_C_T	T	0.2417	0.00622	0.005132	0.2398855	29324
3_23235424_A_G	G	0.0339	0.006032	0.007753	0.4505967	29343
3_23523106_G_T	T	0.025	0.00223	0.014569	0.8819968	26629
2_43670183_C_T	T	0.08333	0.00678	0.007399	0.3742502	29303
2_43686245_C_G	G	0.08333	0.006872	0.007551	0.377527	29331
2_43689364_C_A	A	0.08475	0.006136	0.007547	0.4304879	29335
2_43704092_A_G	G	0.08333	0.005537	0.007433	0.4701192	29336
2_43713808_A_C	C	0.09091	0.006057	0.007844	0.4540232	27708
2_43733509_G_T	T	0.08475	0.007063	0.007888	0.3852769	27656
2_43748983_G_A	A	0.08333	0.006193	0.007532	0.4253094	29325
2_43751480_T_C	C	0.07018	0.006931	0.007453	0.3671978	29297
2_43761299_A_G	G	0.08333	0.006794	0.00755	0.3829014	29309
2_43764442_T_C	C	0.1	0.006342	0.007284	0.3985089	29288
2_43804933_A_C	C	0.1091	0.004836	0.006646	0.480442	29333
2_43807090_T_C	C	0.1	0.004416	0.00663	0.5183558	29332
2_43809248_T_G	G	0.1	0.004607	0.006665	0.5027164	29332
2_43819139_A_G,T	G	0.1	0.004671	0.006767	0.5033256	29326
2_43833013_A_G	G	0.1	0.005142	0.006801	0.4634618	29324
2_43844833_G_A	A	0.1	0.005158	0.006806	0.462364	29317
2_43847646_G_A	A	0.1083	0.010206	0.006598	0.1336599	29165
3_12288288_G_A	A	0.04167	0.00197	0.008987	0.831691	29346
3_12390484_T_C	C	0.075	0.003794	0.00646	0.5690743	29329
3_63924956_A_G	G	0.1356	-0.005116	0.006532	0.4475597	29304
7_28189946_A_G	G	0.325	-6.68e-4	0.004785	0.8922838	29332
14_25944306_C_A	A	0.3083	0.003698	0.004859	0.4605386	29157
1_50909985_G_A	A	0.1083	0.008704	0.007636	0.2690178	29341
5_102305065_C_A	A	0.325	-0.003577	0.004715	0.4619926	29311
12_123651966_G_C	C	0.2	-6.01e-4	0.005275	0.9119815	29315
7_14874799_A_G	G	0.08333	0.001246	0.008863	0.8915711	26581
7_14898282_C_T	T	0.125	-0.001368	0.005999	0.8249317	29344
16_86447166_G_T	T	0.4915	0.005678	0.004333	0.2038614	29317
19_19662220_C_T	T	0.08333	-0.008499	0.008109	0.3094788	29314
11_72629946_A_G	G	0.1271	0.008242	0.005725	0.1626923	29336
20_39832628_T_C	C	0.1583	-0.008557	0.005973	0.1647605	29097
12_123632930_G_A	A	0.2167	-0.004664	0.00499	0.3647103	29341
11_26282112_C_T	T	0.02941	0.001656	0.008996	0.8583531	29141
2_43546624_T_C	C	0.1293	0.001225	0.006957	0.8643985	29243
2_43707385_C_T	T	0.06667	0.008451	0.007995	0.3053803	29322
3_123131254_C_T	T	0.25	0.010462	0.005588	0.0694682	28907
15_77469019_A_G	G	0.425	0.002031	0.004454	0.6583821	29331
2_43557484_C_G	G	0.1167	3.26e-4	0.006851	0.9631679	29324
6_76376552_G_A	A	0.3417	-0.00618	0.004577	0.1904513	29342
6_32066177_T_C	C	0.275	-8.76e-4	0.004577	0.8528349	29260
10_94305189_A_G	G	0.3083	0.004493	0.004905	0.3743932	29345
13_50737023_G_A	A	0.3667	0.009962	0.004397	0.0280503	29345
14_33302882_G_T	T	0.4667	0.005299	0.005073	0.3110585	27829
5_74984818_A_T	T	0.3083	0.004733	0.004867	0.3456798	29316
19_21608110_C_T	T	0.2917	-0.002211	0.005277	0.6846427	29290
8_8593880_T_A	A	0.15	-9.07e-4	0.005962	0.8826997	24071
5_75006156_T_C	C	0.2333	0.003146	0.005375	0.5704072	29306
15_38900312_C_A	A	0.2712	0.008253	0.005553	0.1495061	29279
17_76696986_G_A	A	0.4917	0.013245	0.004454	0.0039433	29336
3_64730121_T_C	C	0.4667	-0.010048	0.004539	0.031866	29294
17_9794415_C_T	T	0.3833	0.002063	0.004817	0.6778912	29300
18_54675384_G_C	C	0.2373	0.004772	0.005099	0.3641816	29241
10_114797471_C_G	G	0.175	-0.001126	0.009855	0.9117274	24287
19_19819843_A_G	G	0.04167	-0.01111	0.013973	0.4407314	26522
14_89550378_C_T	T	0.0678	0.002411	0.009854	0.8124301	29336
3_64714182_G_A	A	0.4583	-0.010336	0.004415	0.0232138	29340
8_9713196_T_C	C	0.4583	-0.002192	0.00538	0.6927922	23399
6_50268664_A_G	G	0.05085	2.92e-4	0.010253	0.9779823	29338
9_22053895_G_A	A	0.09167	-5.91e-4	0.007653	0.9402688	29309
16_75374029_T_A	A	0.09322	0.012414	0.00828	0.1459832	29082
8_10632496_G_A	A	0.2417	-0.003776	0.005822	0.529461	24035
8_10676497_T_C	C	0.2458	-0.002574	0.005749	0.6641956	24062
8_11054097_C_A	A	0.4583	7.77e-4	0.004898	0.8777726	23901
9_81898980_A_G	G	0.075	-0.010714	0.00885	0.2404374	29339
9_81905590_A_G	G	0.0678	-0.00905	0.009037	0.3315049	29329
16_53807764_A_G	G	0.4417	0.006189	0.004469	0.1792413	29158
16_53813367_T_G	G	0.4474	0.004922	0.004444	0.2828193	29338
16_53828066_C_T	T	0.4417	0.005053	0.004497	0.2758595	29315
4_6302707_C_T	T	0.2845	-0.004903	0.005264	0.3664241	20585
4_6302519_G_A	A	0.1917	0.002087	0.004785	0.6722968	29344
4_6303022_C_T	T	0.2712	-0.002261	0.004659	0.6378815	29020
3_12393125_C_G,A	G	0.075	0.003382	0.006555	0.6168932	29336
16_89985844_G_T	T	0.1	-0.010722	0.009129	0.2547646	25964
15_41882383_A_C	C	0.4417	0.004982	0.004492	0.2821668	28983
11_84786132_C_T	T	0.2	0.00218	0.004757	0.656774	29262
2_60577289_G_T	T	0.3583	0.001724	0.004575	0.7148353	29334
16_53804340_C_T	T	0.4224	0.006579	0.004515	0.157617	29239
16_53848561_A_G	G	0.2845	0.002869	0.007056	0.6933715	17308
2_166557510_A_G	G	0.4576	0.001139	0.00439	0.8013163	29244
8_10732905_A_G	G	0.2417	0.004547	0.00596	0.4594	23948
15_91503871_T_G	G	0.225	-9.97e-4	0.004704	0.837134	29215
15_91563829_A_G	G	0.2917	3.24e-4	0.004514	0.9445044	29314
12_71405206_C_T	T	0.5	0.003497	0.004438	0.4448832	29263
18_57787559_T_C	C	0.3667	-0.004187	0.004748	0.3925663	29347
3_12394840_C_T	T	0.075	0.003468	0.00658	0.6093152	29339
8_9819173_A_G	G	0.3	0.009915	0.005099	0.059396	23993
6_127428080_T_C	C	0.322	-0.003915	0.00483	0.4319117	29314
6_127428118_T_C	C	0.3167	-0.003866	0.00479	0.4337685	29314
11_102966919_T_C	C	0.2583	9.02e-4	0.004972	0.8603318	29346
18_57793209_C_T	T	0.3667	-0.004169	0.0048	0.3996943	29346
14_25941921_T_G	G	0.3417	-0.002978	0.004554	0.5261057	29328
2_67908130_G_C	C	0.3365	-0.004578	0.004889	0.3638958	29320
4_185714289_G_T	T	0.1695	-0.011527	0.006132	0.0683524	29346
6_20602380_A_G	G	0.4	0.003267	0.004537	0.4851187	29339
9_125973417_A_G	G	0.1983	0.009351	0.006188	0.1428058	29337
6_31236998_C_T	T	0.1981	-0.004924	0.006386	0.4546571	29345
11_34895100_T_C	C	0.125	-0.007839	0.007309	0.2983802	26627
15_91506452_T_C	C	0.3083	-5.52e-4	0.004464	0.904528	29280
2_25766479_G_C	C	0.2458	0.004916	0.00541	0.3781961	28990
1_29159373_T_C	C	0.4917	-0.002214	0.004365	0.6228952	29283
8_116588326_C_A	A	0.3333	9.86e-4	0.00478	0.8414785	24052
5_102004240_T_A	A	0.3833	0.001835	0.004372	0.6839857	29338
2_158345202_T_C	C	0.1466	3.21e-4	0.007276	0.9658996	29334
17_37405657_T_G	G	0.2417	5.97e-4	0.005015	0.9080902	29344
14_91931029_T_C	C	0.4138	0.0051	0.005223	0.3436822	20574
2_27839539_T_C	C	0.2667	-0.014819	0.004771	0.0026051	29320
9_22009698_G_C	C	0.425	0.003999	0.004495	0.3883819	29266
11_2825279_C_T	T	0.0431	0.009684	0.011125	0.3986245	29303
1_214154719_G_T	T	0.3103	-0.005164	0.004746	0.2914433	29319
6_32363955_T_C	C	0.4464	8.32e-4	0.005167	0.8759312	20669
12_21839933_A_G	G	0.2917	-0.006704	0.00495	0.1891189	29332
17_65828371_T_A	A	0.225	-0.007234	0.005416	0.195268	29275
15_64036953_G_C	C	0.3163	0.009909	0.004456	0.031109	29333
7_69782073_G_C	C	0.178	0.006808	0.005059	0.1919265	29317
18_40743444_T_C	C	0.4583	0.003269	0.004399	0.4712778	29341
8_10635297_T_C	C	0.3509	0.00151	0.004859	0.7631519	23919
3_12131687_C_T	T	0.05	0.004359	0.009071	0.6412878	29345
3_12413339_T_G	G	0.075	0.008225	0.007156	0.2650025	29263
3_123093530_T_C	C	0.2333	-0.01161	0.005185	0.0299442	29344
17_65857177_C_T	T	0.25	-0.007252	0.005211	0.1771813	29344
11_17193122_T_A	A	0.4492	-0.006422	0.004332	0.1506371	29342
10_94232247_T_C	C	0.35	-0.007916	0.004512	0.0889152	29345
9_22033366_C_T	T	0.3833	0.004745	0.004402	0.2958905	29344
17_44163809_A_C	C	0.434	-0.006611	0.004765	0.178576	28874
11_92691532_T_C	C	0.375	1.53e-4	0.004456	0.9733567	29346
11_47875910_T_C	C	0.4417	0.006828	0.004368	0.1295779	29344
5_137431501_C_T	T	0.4492	-0.005659	0.004286	0.2004343	29344
4_17917781_A_C	C	0.3417	-0.011893	0.004998	0.0210568	29297
2_227092802_A_G	G	0.3917	-0.020944	0.0045	6.49e-6	29330
2_227058625_C_T	T	0.3545	-0.021798	0.004644	5.42e-6	29273
9_22061562_C_A	A	0.3333	0.004006	0.004464	0.384205	29320
18_63428445_A_G	G	0.3333	-0.00294	0.005056	0.572854	26420
7_15035659_C_T	T	0.1833	0.011656	0.006323	0.073879	29292
7_51017361_A_G	G	0.025	-0.003975	0.012797	0.7632732	29327
3_12391583_G_A	A	0.06034	0.003618	0.006555	0.5925759	29337
8_11339616_T_G	G	0.4583	-5.74e-4	0.004878	0.9091845	23870
20_32709525_G_A	A	0.275	-0.004461	0.004645	0.3516956	29346
6_20625634_A_G	G	0.339	0.005673	0.004616	0.233392	29336
6_20694884_C_T	T	0.1518	-0.009399	0.005526	0.0990788	29345
14_80038474_T_G	G	0.4167	0.003151	0.004565	0.503292	29261
7_15042474_A_C	C	0.3583	0.001605	0.004628	0.7367091	29344
7_15062983_T_C	C	0.4828	0.004015	0.004318	0.367202	29331
6_125995467_G_A	A	0.4833	-0.002503	0.004429	0.5837999	29094
6_31778272_G_A	A	0.2917	-0.011015	0.005822	0.0665921	29345
19_19329924_C_T	T	0.075	-0.005951	0.00867	0.5057105	29339
4_103742651_T_C	C	0.475	-0.001963	0.004326	0.6600047	29329
11_2839751_C_T	T	0.075	0.011454	0.009714	0.2528442	29345
11_2858440_G_A	A	0.06034	0.005329	0.010607	0.6261423	29318
11_2858546_C_T	T	0.05085	0.009635	0.011684	0.423965	29311
6_31114745_T_C	C	0.4833	-0.005609	0.004626	0.2396912	27703
8_11450422_A_G	G	0.49	0.001741	0.004876	0.7291888	23881
6_31481146_C_A	A	0.3729	-0.006025	0.00565	0.301089	20655
4_52884239_G_A	A	0.4167	-0.006142	0.004361	0.1720486	29330
12_121435587_G_T	T	0.3833	-0.00233	0.004492	0.6151004	29328
12_66212318_C_T	T	0.09167	-0.001138	0.00712	0.8767908	29345
12_71532099_G_A	A	0.4083	-0.001883	0.004441	0.6810594	29316
12_117603161_T_C	C	0.2167	-0.008165	0.005216	0.1290259	29336
3_49878113_T_C	C	0.4417	-4.04e-4	0.00437	0.9285173	29337
14_103357603_G_T	T	0.2	2e-6	0.005257	0.9997099	29342
15_42119711_G_A	A	0.4052	-0.002047	0.005383	0.7122952	20656
11_2737905_A_G	G	0.4417	-0.011785	0.004695	0.0149629	29346
11_2755601_T_C	C	0.3448	0.004751	0.005297	0.3844377	28846
11_2849530_A_C	C	0.0678	0.010864	0.009868	0.285686	29331
6_32819517_T_C	C	0.15	-0.001351	0.006857	0.8484241	29313
7_30714333_C_T	T	0.3083	0.001675	0.004655	0.727232	29344
13_110407906_T_C	C	0.2833	0.003412	0.004691	0.4806633	29217
15_91512067_G_A	A	0.1417	-0.002124	0.005349	0.7002047	29331
2_27728777_C_G	G	0.4333	0.015063	0.004502	0.0011824	29264
14_33294781_C_T	T	0.425	-0.004785	0.004948	0.3483365	27830
15_91525197_C_T	T	0.1333	-1.46e-4	0.005456	0.9793434	29344
2_27715416_C_T	T	0.4417	0.014669	0.004514	0.0016348	29331
19_19789528_A_G	G	0.125	-0.011593	0.009057	0.2145028	29347
8_41583294_C_T	T	0.1667	-0.001027	0.006931	0.8857272	24055
11_2711142_T_C	C	0.4833	-0.007809	0.004405	0.0856466	29146
11_2706351_T_C	C	0.4917	-0.007767	0.004422	0.0885012	29197
11_2705175_A_G	G	0.5	-0.00793	0.004412	0.0813246	29287
11_2694606_C_A	A	0.375	-0.006768	0.004889	0.1794519	29341
11_2691500_G_A	A	0.2917	-0.007073	0.005418	0.2055663	29262
6_20631545_A_T	T	0.1333	-0.006818	0.005571	0.2353185	29344
6_20716958_G_A	A	0.15	-0.009944	0.005534	0.0814622	29340
6_20718240_A_T	T	0.09167	-0.007617	0.006398	0.2483676	29323
11_2846427_G_A	A	0.2667	0.004012	0.005032	0.4394515	29307
3_21806230_A_G	G	0.2941	0.004169	0.004679	0.3875797	29224
4_48797056_G_A	A	0.3167	-0.00658	0.004728	0.177132	29295
14_80170870_A_G	G	0.2083	0.002587	0.005196	0.6292265	29317
3_64718258_G_C	C	0.1875	0.009031	0.004897	0.0737505	29282
9_22132076_A_G	G	0.2083	-0.004062	0.005693	0.4889754	29303
2_165820281_C_T	T	0.4118	-0.002448	0.0044	0.5895831	29321
6_43804808_G_C	C	0.3083	-0.009482	0.005238	0.0792288	29072
15_77378440_A_T	T	0.3167	0.005638	0.004625	0.2371608	29224
10_124167512_C_T	T	0.4386	0.009986	0.004334	0.0254863	29346
10_94345909_G_A	A	0.386	-0.010408	0.004467	0.0238876	29333
10_94311815_G_A	A	0.4068	-0.008781	0.004422	0.054164	28077
2_60586707_C_G	G	0.4667	0.00161	0.004392	0.7221942	29166
2_60603950_G_A	A	0.4273	1.29e-4	0.004477	0.9777797	29327
2_60572671_C_T	T	0.4583	0.002466	0.004431	0.5894731	29240
5_102514757_C_T	T	0.3729	-0.003137	0.004566	0.5052892	29328
15_53080413_C_T	T	0.1121	0.003084	0.006268	0.6332585	29306
15_53091896_A_C	C	0.2583	0.003357	0.005108	0.5240069	29345
8_118221999_C_G	G	0.1667	0.009183	0.00677	0.1884109	24084
8_118190393_A_G	G	0.402	0.003924	0.005426	0.4831478	23640
8_118185063_C_G	G	0.4083	0.0037	0.005228	0.4925496	23727
8_118185041_C_T	T	0.4298	0.001184	0.005609	0.8378283	20645
10_114615903_T_C	C	0.2672	-0.001104	0.00481	0.823827	29248
1_154311911_G_A	A	0.1356	-0.00385	0.007052	0.596531	29345
5_78337225_G_A	A	0.45	0.00238	0.004289	0.5905246	29326
10_94490174_T_C	C	0.4915	0.006099	0.004424	0.1812825	29327
10_94446041_G_A	A	0.4667	0.006753	0.0044	0.1366926	29339
1_219749261_G_A	A	0.1864	0.007792	0.005639	0.1803138	29340
10_94492716_C_T	T	0.4915	0.006466	0.004445	0.1583893	29345
10_94485211_A_C	C	0.463	0.006197	0.004404	0.1724511	29328
6_31443570_T_C	C	0.2273	-0.014087	0.006999	0.0510023	27462
6_31068525_A_C	C	0.1786	-0.005073	0.0081	0.5436996	24759
17_29705947_T_C	C	0.4583	0.002122	0.00442	0.6414976	29267
19_31887321_T_C	C	0.3333	-0.006264	0.00451	0.1780246	29309
5_102694112_G_A	A	0.3917	0.004608	0.004537	0.3247402	29345
10_65392056_T_C	C	0.2583	8.09e-4	0.005119	0.8782214	29347
5_59305181_G_A	A	0.175	0.002273	0.005145	0.6684578	29344
12_66170481_A_C	C	0.0625	-0.006016	0.007784	0.4536438	29283
9_125649014_T_A	A	0.1917	-0.007775	0.006256	0.2281356	29338
5_101607603_G_A	A	0.2373	0.004599	0.004931	0.3657834	29343
5_101605942_T_C	C	0.3534	0.00801	0.00536	0.1473001	20662
11_93140782_T_C	C	0.4917	0.00296	0.004356	0.5099282	29346
12_66192667_A_G	G	0.1	-0.004197	0.006837	0.551742	29330
12_66183500_T_C	C	0.08621	-0.009973	0.008448	0.2523097	20663
1_72834503_A_G	G	0.15	-0.001568	0.005949	0.7983145	29320
3_50128893_A_G	G	0.4407	0.001457	0.004316	0.7434401	29345
10_71462805_G_C	C	0.4833	0.005423	0.004678	0.2608897	29209
6_51491866_A_T	T	0.0431	-0.014781	0.016077	0.3726799	20638
2_227141248_A_G	G	0.3814	-0.021309	0.004589	6.8e-6	29291
2_227151596_G_A	A	0.3833	-0.021722	0.004543	3.61e-6	29307
2_227159867_G_A	A	0.3833	-0.020442	0.004556	1.37e-5	29301
2_227159177_G_A	A	0.3833	-0.021708	0.004835	1.35e-5	27680
2_227174983_A_C	C	0.4667	-0.01384	0.004302	0.0018213	29334
10_93731617_A_G	G	0.4083	-0.002315	0.004525	0.6198263	29346
15_77870371_A_G	G	0.4681	-0.006461	0.004882	0.1993554	28808
10_71513557_G_C	C	0.175	-0.004832	0.005337	0.3799837	29255
2_227134516_A_G	G	0.4667	-0.011105	0.004354	0.0134187	29309
2_227137125_T_C	C	0.3833	-0.020632	0.004553	1.13e-5	29307
2_227141768_A_T	T	0.3879	-0.021137	0.004546	6.64e-6	29305
2_227149804_T_G	G	0.4909	-0.01436	0.004326	0.0012946	29310
2_227157209_A_G	G	0.3833	-0.021738	0.004547	3.61e-6	29307
2_227181683_G_T	T	0.3917	-0.021885	0.004618	4.38e-6	29314
2_227164504_C_G	G	0.3833	-0.021629	0.004554	4.18e-6	29307
6_7240577_A_T	T	0.402	0.007076	0.004729	0.1467908	29229
4_104032264_G_A	A	0.1727	-0.0016	0.005283	0.768987	29346
17_3934101_A_G	G	0.3482	-0.005519	0.004504	0.23476	29331
12_48736985_T_G,A	G	0.3583	0.008303	0.004614	0.0810119	29338
11_35016102_G_C	C	0.2417	0.011801	0.004777	0.0166216	29322
6_31497342_G_C	C	0.1466	3.68e-4	0.006016	0.9526953	29344
8_11228100_G_A	A	0.4833	-0.00112	0.004726	0.8181897	24030
8_11347289_T_G	G	0.4333	0.001549	0.004925	0.7604243	23826
8_116603003_T_C	C	0.325	0.001389	0.0048	0.7790996	24007
12_61067713_T_A	A	0.2	0.011736	0.00592	0.0546139	29274
12_61077670_G_A	A	0.2083	0.009338	0.00576	0.1159314	29331
12_61111659_A_G	G	0.1917	0.011518	0.006136	0.0687521	29222
20_51620658_A_G	G	0.4649	-0.003408	0.004404	0.4530916	29345
6_127419834_A_C	C	0.3167	-0.003194	0.004745	0.5139809	29311
14_25890220_T_G	G	0.4912	-0.001077	0.004323	0.8091238	29339
1_6781571_C_T	T	0.2083	0.003929	0.005317	0.4736505	29319
6_51501537_G_A	A	0.04167	0.006607	0.013725	0.6406591	29287
9_84308948_G_A	A	0.4167	-0.001785	0.005124	0.7355683	29095
6_127406036_A_C	C	0.3167	0.001447	0.004938	0.7762167	29344
1_26466189_T_C	C	0.225	0.002798	0.005788	0.6392489	29282
10_80961519_T_C	C	0.4828	-0.007214	0.004515	0.1212872	29124
1_64188151_T_C	C	0.3667	-1.57e-4	0.004832	0.9748729	29325
6_20758526_C_G	G	0.09483	0.021286	0.006728	0.0021638	29341
1_219748818_C_G	G	0.2917	0.022882	0.004812	4.06e-6	29327
6_31572481_T_C	C	0.2083	-0.013403	0.007133	0.0684633	29223
2_614210_A_G	G	0.125	0.005803	0.005711	0.3244629	29309
4_95004716_A_G	G	0.4833	0.006235	0.004385	0.1679562	29327
2_607107_T_C	C	0.35	-8.64e-4	0.004564	0.8543444	29195
3_123094451_T_C	C	0.2333	-0.009828	0.005172	0.0654326	29327
7_28170403_T_C	C	0.1897	-0.019211	0.005256	3.969e-4	29281
2_152063932_C_T	T	0.3305	0.001895	0.004852	0.7049479	27840
2_613290_T_G	G	0.35	0.001152	0.004566	0.8067983	29324
10_114915214_G_T	T	0.4224	0.002337	0.004739	0.6325284	29338
19_19475717_G_C	C	0.3583	0.001642	0.004648	0.7319779	29305
7_44159224_T_C	C	0.5	-4.47e-4	0.005445	0.9365587	20517
1_235674379_C_T	T	0.3983	-7.94e-4	0.004553	0.8656453	29310
19_19545990_T_C	C	0.3707	-0.002159	0.004643	0.6521387	29144
8_9077307_G_C	C	0.2417	0.004397	0.005545	0.441959	24055
8_9070002_T_C	C	0.3333	0.002321	0.004965	0.6503168	23950
2_227068080_A_C	C	0.3583	-0.021422	0.004587	6.04e-6	29274
2_227077377_C_T	T	0.3583	-0.021314	0.004651	8.96e-6	29275
2_227087284_G_A	A	0.5	-0.010855	0.004363	0.0158596	29160
2_227088577_A_C	C	0.4906	-0.01307	0.004346	0.0035594	29305
2_227093585_A_C	C	0.4	-0.020616	0.004499	8.99e-6	29331
2_227093745_T_C	C	0.3917	-0.020511	0.004496	9.84e-6	29336
2_227046342_T_C	C	0.475	-0.01571	0.004422	5.751e-4	29329
2_227099180_C_T	T	0.4	-0.020829	0.00449	6.96e-6	29335
2_227047414_G_T	T	0.35	-0.021648	0.004657	6.65e-6	29298
2_227108446_C_T	T	0.4	-0.021613	0.004493	3.14e-6	29311
2_227047771_C_T	T	0.3583	-0.022031	0.004626	3.94e-6	29300
2_227123584_A_G	G	0.3833	-0.022302	0.004787	6.35e-6	27652
2_227125254_G_A	A	0.28	-0.021863	0.004506	2.59e-6	29307
2_227128543_T_G	G	0.3772	-0.021629	0.004518	3.51e-6	29307
2_613516_G_A	A	0.35	0.001105	0.004564	0.8143967	29326
17_17964717_G_A	A	0.2333	0.010338	0.004565	0.0281373	29345
2_227116365_A_G	G	0.3917	-0.020945	0.00449	6.16e-6	29336
2_227101411_A_G	G	0.3917	-0.020985	0.004492	6e-6	29314
2_227100698_G_T	T	0.4035	-0.021228	0.004489	4.6e-6	29312
2_227099854_T_C	C	0.4	-0.021297	0.004489	4.27e-6	29322
8_8311321_A_C	C	0.4224	0.001591	0.005149	0.7644587	23850
9_3301887_G_A	A	0.1186	-0.01277	0.007244	0.0873737	27711
9_3283313_T_G	G	0.1271	-0.010839	0.007051	0.1360743	27687
11_93052265_G_T	T	0.3917	-0.001688	0.004692	0.727227	29271
3_12153214_G_C	C	0.08475	-0.001143	0.007288	0.879063	29343
6_31471222_A_G	G	0.22	-0.006464	0.005117	0.2205606	29333
5_101932417_C_A	A	0.3596	0.00197	0.00439	0.6634711	29341
6_32404377_A_C	C	0.2255	-0.012253	0.00654	0.0692706	29232
6_32310396_A_G	G	0.3083	-0.001447	0.005231	0.7885387	29342
6_31213811_G_A	A	0.4018	-0.012798	0.005357	0.0205461	20644
6_31134888_T_C	C	0.375	-0.00432	0.004742	0.3770544	29345
6_31143582_A_C	C	0.4167	-0.006341	0.004554	0.1769807	29341
6_31243170_G_A	A	0.4917	0.009816	0.00457	0.0373017	28661
4_6304878_C_T	T	0.2895	-0.006359	0.005389	0.2524998	20323
12_4399496_C_T	T	0.1333	-0.004056	0.009287	0.6719531	24092
5_102159787_G_A	A	0.339	0.002274	0.004527	0.6262013	29322
1_120578116_T_C	C	0	0.00501	0.008628	0.5733885	29138
8_9087831_C_T	T	0.2083	0.005247	0.005772	0.3780054	24005
1_214163675_G_A	A	0.4322	0.001973	0.00472	0.6853115	27604
5_74964128_C_T	T	0.2034	-6.97e-4	0.005536	0.9028529	29340
5_102438291_A_G	G	0.3333	-0.002371	0.004688	0.6239216	29339
2_165629214_A_G	G	0.2075	0.013649	0.005351	0.0133963	29337
2_165632910_G_A	A	0.1864	0.014197	0.0056	0.0139791	29283
2_165638070_T_C	C	0.4118	0.010633	0.004595	0.0248516	29106
17_36090885_G_A	A	0.5	0.001193	0.005959	0.8460519	17051
6_32862682_C_T	T	0.1	-0.005267	0.008496	0.5477886	29303
16_53818460_G_T	T	0.45	0.004978	0.004387	0.2712664	29344
17_36106313_T_G	G	0.25	-0.002723	0.006001	0.6600244	17051
6_160851766_T_C	C	0.4833	-0.003479	0.004355	0.4385539	29281
3_63917692_G_C	C	0.3393	-0.004146	0.004695	0.3918889	29328
5_53296158_A_G	G	0.25	-0.026203	0.005034	4.56e-7	29317
5_102358160_A_G	G	0.3482	-0.004789	0.004644	0.317376	29340
11_92713507_G_T	T	0.4661	-0.007378	0.004524	0.1137863	29194
20_32640272_A_G	G	0.2667	-0.004972	0.004677	0.3025973	29343
1_51266523_G_A	A	0.1083	0.007169	0.007757	0.37018	29347
3_183646222_A_G	G	0.475	-0.002123	0.004329	0.6344684	29341
19_19610596_C_T	T	0.08333	-0.006478	0.008279	0.4480175	29328
4_6324785_T_C	C	0.4583	-0.007057	0.004648	0.1409568	28616
8_118185025_G_A	A	0.25	0.001529	0.005285	0.7790369	24073
8_116482423_A_G	G	0.3667	-0.004459	0.004713	0.3589277	24042
15_75628841_C_G	G	0.1917	0.006179	0.005206	0.2497687	29234
9_139252495_G_A	A	0.4464	-6.92e-4	0.00669	0.920047	16721
10_70332066_C_T	T	0.4333	0.003999	0.004459	0.3844891	29157
7_15910153_T_C	C	0.3583	0.002074	0.004721	0.670207	29275
10_94354204_T_G	G	0.3583	-0.008254	0.004543	0.0781451	29344
5_78523532_C_G	G	0.2917	-0.001255	0.004505	0.7870639	29299
11_92668826_C_T	T	0.4	6.73e-4	0.004357	0.8808521	29343
6_7008739_A_T	T	0.4483	-0.005488	0.004438	0.2304454	29287
11_2826617_A_G	G	0.04167	0.009985	0.011012	0.3792818	29273
1_205099959_C_A	A	0.2417	-0.01411	0.005165	0.0080891	29218
4_6282596_C_T	T	0.275	-0.005419	0.0045	0.2430021	29247
17_47047868_G_A	A	0.4833	-5.65e-4	0.004483	0.9027095	29272
3_9514856_G_A	A	0.09091	0.002169	0.006352	0.7406039	29327
2_165501849_A_C	C	0.3814	0.017313	0.004583	2.51e-4	29336
5_55860866_G_T	T	0.1833	0.001448	0.005728	0.8064139	29281
5_55860781_A_G	G	0.1667	-0.001332	0.00586	0.8255169	29264
11_17138666_G_A	A	0.3333	-0.006606	0.004649	0.1682616	29335
22_30343186_C_T	T	0.04167	0.023259	0.00825	0.0062772	26584
5_74967386_C_T	T	0.3417	2.54e-4	0.004524	0.9565859	29301
5_55796319_C_T	T	0.225	0.005854	0.005041	0.2601735	29171
2_227036603_A_C	C	0.4833	0.016062	0.004467	4.928e-4	29329
10_114748617_G_A	A	0.4167	0.006819	0.004519	0.1434508	29271
6_20876683_G_A	A	0.4397	0.002545	0.00432	0.5678858	29345
5_102602902_A_T	T	0.3898	-0.006363	0.004691	0.1884243	29264
3_64698813_T_C	C	0.1842	0.010255	0.005186	0.0552123	29173
5_44898129_G_T	T	0.3417	0.002359	0.004492	0.6106776	29340
3_64708114_C_T	T	0.2333	0.008047	0.004723	0.0985099	29345
1_177802710_G_A	A	0.2712	0.005584	0.005574	0.3312928	29336
10_114767771_G_A	A	0.2667	-2.16e-4	0.004702	0.9644151	29285
3_12372074_A_G	G	0.2292	-0.002622	0.00499	0.6104133	29224
4_6272888_G_C	C	0.1917	-0.002472	0.005043	0.6345458	29215
4_6316381_C_A	A	0.3333	-0.004853	0.004485	0.2939788	29328
6_20643222_C_G	G	0.5	0.011192	0.004386	0.0133714	29337
8_110076032_G_A	A	0.3417	-0.003614	0.004761	0.461697	24083
17_36098987_G_A	A	0.4583	0.002374	0.00622	0.7113347	16955
15_91546497_T_G	G	0.3	2.67e-4	0.004374	0.9528203	29347
4_6264968_T_C	C	0.2583	-0.007854	0.004822	0.1142305	29270
11_2651410_T_C	C	0.075	0.005343	0.007556	0.4929081	29331
12_123447928_T_C	C	0.322	-0.004187	0.004776	0.3952401	29334
2_161219181_A_T	T	0.2083	0.00336	0.005228	0.5331004	29333
6_20570039_C_T	T	0.3	-0.00121	0.00455	0.7964894	29335
4_6292020_A_C	C	0.2672	-0.002733	0.004394	0.5465174	29327
8_10352463_C_G	G	0.2083	0.001465	0.00558	0.799063	24078
5_76446703_A_G	G	0.339	0.009595	0.004816	0.053363	29336
4_6294001_A_G	G	0.2544	-0.00257	0.004394	0.5707238	29327
17_61559923_C_T	T	0.4583	0.006134	0.004732	0.2087753	29340
8_41516581_A_G	G	0.3917	-0.007762	0.01154	0.5142804	3610
4_6271043_A_T	T	0.2833	-0.00602	0.004531	0.1975896	29309
3_64708628_C_T	T	0.1917	0.009993	0.005065	0.0557385	29230
6_20764250_C_T	T	0.5	-6.96e-4	0.00433	0.8761047	29342
17_61570422_A_G	G	0.4833	0.00695	0.004468	0.1314598	29210
2_43566146_A_G	G	0.1167	-3.5e-5	0.00699	0.9961231	29322
3_185497635_A_C	C	0.2917	-0.008095	0.004947	0.1126098	27659
9_19051028_T_G	G	0.3814	-0.001082	0.004592	0.8193434	29267
3_185511687_G_T	T	0.2917	-0.008893	0.004675	0.0651366	29270
11_92721787_A_C	C	0.4917	-0.008996	0.004357	0.0452694	29294
3_64703665_C_T	T	0.2	0.010002	0.005074	0.0559456	29226
3_88183068_A_C	C	0.2	0.002146	0.006051	0.7309119	29338
4_6293967_G_A	A	0.2667	-0.00254	0.004393	0.5750678	29327
19_45422946_A_G	G	0.1833	0.012239	0.006936	0.0870717	26665
3_64704860_A_G	G	0.25	0.007339	0.004669	0.1274339	29339
5_102081834_T_A	A	0.3772	-0.00323	0.004572	0.4933146	27629
1_117491123_A_G	G	0.3583	0.002121	0.004791	0.6676656	28617
12_121317075_G_T	T	0.4417	4.34e-4	0.004318	0.9223229	29347
4_6294305_C_T	T	0.2586	-0.002597	0.004396	0.5667089	29327
22_30579886_T_A	A	0.0339	-0.022835	0.007986	0.0055738	29261
6_20775660_A_G	G	0.05833	-0.019363	0.007943	0.0181036	29338
15_62383155_T_C	C	0.4915	0.003085	0.004519	0.5079722	29174
3_64701890_T_C	C	0.2456	0.007701	0.004748	0.1157684	29332
10_114756041_A_T	T	0.2712	-2.79e-4	0.0047	0.9541134	29331
8_126516988_T_C	C	0.425	-0.00455	0.00495	0.3728113	24082
9_4268785_C_T	T	0.2083	-0.001745	0.005135	0.7418106	29292
4_6306144_C_A	A	0.2917	-0.003227	0.004609	0.4971289	28941
5_55806751_A_G	G	0.2167	0.005721	0.005026	0.2696795	29216
3_64711904_C_T	T	0.1917	0.009874	0.005092	0.0600998	29171
3_64699445_C_T	T	0.4569	0.009548	0.004519	0.0405023	29340
10_77244014_C_T	T	0.1	0.015511	0.006667	0.0240931	29346
3_64702275_C_G	G	0.2083	0.008418	0.00482	0.0903735	29274
5_74371203_T_G	G	0.3667	2e-5	0.00449	0.9965521	29342
11_2717293_T_C	C	0.4737	-0.009777	0.004434	0.0325086	29078
11_2717680_C_T	T	0.375	-0.006182	0.004947	0.2255709	29034
10_114854383_C_T	T	0.2632	0.012523	0.006193	0.0499383	28793
6_20749677_G_A	A	0.4667	0.004617	0.004407	0.3096421	29342
2_227038818_T_C	C	0.4912	0.016046	0.004464	4.942e-4	29329
10_94294291_A_G	G	0.2963	0.004505	0.004902	0.3728679	29346
3_123062970_C_G	G	0.4583	-0.002726	0.004363	0.5445867	29173
5_102165571_C_T	T	0.3305	0.002178	0.004661	0.6504831	29286
3_12386337_C_T	T	0.05932	0.0037	0.00649	0.5804209	29336
3_185516520_G_A	A	0.2881	-0.008393	0.004661	0.0808182	29331
4_6285797_C_A	A	0.275	-0.004866	0.00448	0.292216	29246
4_6287329_C_T	T	0.275	-0.004686	0.004472	0.3096243	29285
4_6270056_G_A	A	0.275	-0.005563	0.004542	0.2349892	29342
4_6280449_G_A	A	0.275	-0.00518	0.004508	0.2651747	29287
4_6287241_T_C	C	0.3167	-0.006052	0.004581	0.2001672	29123
4_6291003_C_G	G	0.2667	-0.002668	0.004397	0.556218	29322
4_95046907_G_A	A	0.4833	0.004619	0.004307	0.2983582	29255
4_153510588_T_C	C	0.275	-0.003709	0.004838	0.4571714	29174
4_153515580_A_G	G	0.275	-0.003882	0.004842	0.4368758	29173
5_74537751_C_T	T	0.375	3.16e-4	0.004484	0.9454727	29345
6_20658012_A_C	C	0.3667	-0.011303	0.004506	0.0150245	29344
6_20744727_C_T	T	0.3833	0.003869	0.004658	0.4205542	29299
6_20585140_G_A	A	0.3017	-0.002372	0.004588	0.6161579	29321
6_20656800_C_G	G	0.3083	-0.010028	0.004602	0.0346357	29344
6_20662966_C_T	T	0.3083	-0.010233	0.004607	0.0312729	29346
6_20663035_T_A	A	0.3083	-0.010163	0.004607	0.0324673	29346
6_20678430_G_C	C	0.1379	0.004346	0.005415	0.4364475	29338
6_20734076_A_C	C	0.3879	0.004155	0.004785	0.3997937	29332
6_20752016_C_A	A	0.4667	0.00468	0.004403	0.3026698	29342
6_20763171_G_A	A	0.4915	-7.45e-4	0.00433	0.8674391	29340
7_28172183_A_G	G	0.1833	-0.019236	0.005228	3.627e-4	29312
7_28178262_G_T	T	0.1604	-0.014864	0.005837	0.013562	29105
8_95976251_A_T	T	0.4667	-2.94e-4	0.00466	0.951196	24082
9_133783566_G_A	A	0.4333	-0.010819	0.00538	0.0511846	22691
10_13567927_A_C	C	0.4397	0.008612	0.00511	0.1021821	20661
10_124161791_T_C	C	0.45	-0.005901	0.004426	0.1960812	29346
11_92717405_C_A	A	0.4915	-0.009018	0.004378	0.0458089	29294
11_92717475_G_A	A	0.5	-0.009011	0.004376	0.0458879	29294
11_43821004_G_T	T	0.2583	0.003142	0.004656	0.5129122	29336
12_61214545_A_G	G	0.1949	0.011076	0.005818	0.0649168	29333
12_121359586_G_A	A	0.3136	0.005539	0.004677	0.2507812	29328
18_57852587_T_C	C	0.2833	-0.008462	0.005381	0.1273005	29311
18_57896038_G_T	T	0.375	-0.005778	0.004569	0.2201096	29345
16_69547741_T_C	C	0.4167	0.007599	0.004496	0.1012281	29345
16_53816647_G_C	C	0.2833	0.005558	0.004835	0.2649519	29314
17_47067826_G_A	A	0.4917	-2.8e-5	0.004731	0.9954215	29311
20_51002433_T_C	C	0.3417	0.010243	0.004541	0.0287429	29346
20_39918383_G_C	C	0.4583	-0.009584	0.004345	0.0324555	29340
11_28721187_G_A	A	0.3917	0.002891	0.004757	0.5557289	29345
7_28207300_G_T	T	0.3083	-6.85e-4	0.004871	0.8914747	29272
22_32442074_G_A	A	0.08929	0.013952	0.008982	0.1320152	29347
22_41437269_T_C	C	0.2119	5.79e-4	0.005396	0.9171196	29331
8_10376148_A_T	T	0.2	0.002149	0.005704	0.714939	24054
1_219750717_G_T	T	0.2797	0.022884	0.004823	4.27e-6	29333
2_112816047_T_C	C	0.2667	-0.005441	0.00479	0.27072040000000003	29310
15_40398754_T_C	C	0.2982	0.010228	0.009281	0.2852252	15394
3_94039386_G_T	T	0.4	-0.003699	0.004354	0.410138	29317
6_32290954_A_G	G	0.3636	-0.004459	0.00449	0.3355676	29332
3_88250125_T_A	A	0.1293	7.88e-4	0.007194	0.9154149	29341
13_58311469_C_T	T	0.2966	0.002524	0.005088	0.630555	29339
6_126899853_T_A	A	0.425	9.49e-4	0.0043	0.8305485	29346
18_57882787_C_A	A	0.4083	-0.005621	0.004704	0.2465466	29338
6_126755642_T_G	G	0.4083	-3.96e-4	0.004356	0.9297945	29339
1_64189638_C_T	T	0.3667	-2.42e-4	0.004842	0.9612536	29147
10_114821807_T_G	G	0.4224	0.002691	0.004423	0.5552403	29339
15_42119603_C_T	T	0.4035	-0.002074	0.005377	0.7084252	20656
18_57858802_A_G	G	0.325	-0.007204	0.005082	0.1692439	29275
15_41974660_T_C	C	0.3981	-0.002034	0.004519	0.6624788	29333
15_91508803_C_A	A	0.3051	-0.001127	0.004697	0.8159903	27683
10_94498436_T_C	C	0.4	-0.003361	0.005306	0.5391778	28948
11_58126305_A_T	T	0.3917	-0.002917	0.004753	0.5517927	27662
11_72597438_C_T	T	0.1271	-3.21e-4	0.005255	0.9528203	29339
6_111895860_T_C	C	0.275	0.003563	0.004934	0.4837188	29107
6_117955898_C_T	T	0.4741	-0.001975	0.004323	0.6577017	29344
12_108594069_G_C	C	0.275	0.01298	0.004936	0.010793	28901
9_22098574_A_G	G	0.5	0.002912	0.004343	0.5156488	29342
7_28256240_G_A	A	0.3983	0.013979	0.004666	0.0036799	29346
4_6292799_A_C	C	0.2627	-0.002561	0.004393	0.5719104	29327
4_6292818_C_G	G	0.2627	-0.002836	0.004402	0.5321254	29159
8_11213389_C_T	T	0.4483	0.003523	0.004688	0.4661224	24078
8_41595613_T_C	C	0.35	0.005998	0.004775	0.2231424	24066
8_41519248_T_C	C	0.1897	-0.003205	0.005351	0.5614046	24079
9_22019673_G_C	C	0.3421	-0.003201	0.004812	0.518904	28756
11_17408630_C_T	T	0.4083	0.007478	0.004467	0.104518	29305
9_22019129_A_G	G	0.3917	-0.003976	0.004415	0.382504	29305
7_28202430_G_A	A	0.1667	0.002582	0.006331	0.6925227	29325
12_121273247_T_C	C	0.4833	7.4e-4	0.004316	0.8680105	29339
5_78340286_A_G	G	0.4667	0.002218	0.00428	0.6153342	29345
7_28203142_C_T	T	0.3	-4.91e-4	0.004841	0.9217136	29215
7_28229042_G_A	A	0.1667	0.002608	0.006361	0.690922	29339
7_28205303_T_C	C	0.3136	-6.61e-4	0.004866	0.8951792	29254
18_57895059_A_G	G	0.375	-0.005748	0.004576	0.2231598	29346
9_22029547_T_C	C	0.375	-0.005342	0.004415	0.2406423	29324
7_28225514_T_A	A	0.1667	0.002262	0.00637	0.730646	29339
9_22011642_G_A	A	0.35	-0.003916	0.004636	0.4127851	29293
22_41410267_G_A	A	0.2083	3.83e-4	0.005469	0.9458211	29331
11_74490228_A_C	C	0.3917	-0.001087	0.004429	0.8119476	29305
22_50435480_A_G	G	0.4417	-0.009369	0.005171	0.07895	20670
18_57904088_C_T	T	0.3333	-0.006668	0.005088	0.203845	29333
18_57841589_T_A	A	0.4746	-0.006121	0.004402	0.1774999	29340
9_125802470_A_G	G	0.15	-0.008341	0.006931	0.2432473	29340
20_50955607_G_T	T	0.3	0.009203	0.005096	0.0799462	29186
11_17246362_G_C	C	0.4322	-0.006032	0.004363	0.1800528	29329
20_32557119_C_T	T	0.2667	-0.005733	0.004666	0.233449	29342
20_32645052_T_C	C	0.2586	-0.00495	0.004671	0.3041109	29343
20_33164804_C_T	T	0.4688	-0.008843	0.00436	0.049229	29277
20_51093873_T_G	G	0.3898	-6.3e-5	0.004367	0.9888855	29336
20_50967120_G_C	C	0.3	0.007204	0.004864	0.1509677	29344
20_50853887_G_A	A	0.3417	8.58e-4	0.004652	0.8581002	29293
8_9879451_C_G	G	0.15	0.010759	0.006917	0.131481	24042
20_2100095_G_A	A	0.178	-0.002428	0.005475	0.6672184	29250
11_72474839_A_G	G	0.1417	0.008809	0.005946	0.1508384	29173
9_22026077_T_C	C	0.3019	-0.004755	0.004446	0.2997444	29318
11_17247336_G_A	A	0.4417	-0.006028	0.004363	0.1803724	29329
18_57884551_G_A	A	0.4583	-0.004935	0.004403	0.2771118	29335
1_177852580_T_C	C	0.2667	0.002338	0.005617	0.6865703	29304
9_22032152_T_G	G	0.3793	-0.004742	0.004407	0.296768	29342
3_127105611_T_C	C	0.3	-0.00314	0.004699	0.5170982	29346
3_185536223_G_T	T	0.2281	-0.006117	0.005288	0.2619775	29153
3_64719091_G_C	C	0.4583	0.010442	0.004424	0.0221285	29333
4_6295565_C_T	T	0.2712	-0.002476	0.004409	0.586095	29327
4_6295693_C_G	G	0.2583	-0.002785	0.004575	0.5550358	29194
4_6324647_G_A	A	0.4483	-0.014862	0.005704	0.0115344	19953
6_20541519_C_T	T	0.3839	0.002425	0.004492	0.6007116	29345
6_20649254_A_T	T	0.1071	-0.006366	0.006212	0.3203244	29335
6_20659587_T_A	A	0.3083	-0.010229	0.004602	0.0311522	29346
6_20659806_T_C	C	0.319	-0.011942	0.004872	0.0174912	27710
6_32663999_G_C	C	0.5	7.24e-4	0.004288	0.8698713	29337
7_23730174_A_G	G	0.02	0.001001	0.006185	0.8752941	29303
7_130442141_C_G	G	0.2667	0.00269	0.004861	0.5915779	29124
9_125707347_C_G	G	0.15	-0.008783	0.006724	0.2053081	29345
15_91528358_G_A	A	0.2167	9e-6	0.004597	0.9984033	29337
16_69686912_A_G	G	0.4569	-0.01523	0.005309	0.005426	20635
19_5008399_G_A	A	0.2667	0.008883	0.005546	0.1204032	29334
22_30525549_C_T	T	0.03333	0.022303	0.008253	0.0088014	26619
4_104212156_C_T	T	0.3833	0.001103	0.004495	0.8118541	29346
2_43729212_G_A	A	0.08333	0.006846	0.007373	0.3679536	29328
2_43732488_T_C	C	0.08929	0.006991	0.007372	0.3578368	29328
2_43736171_T_C	C	0.08333	0.006741	0.007449	0.3802586	29329
3_23415782_G_C	C	0.1842	-4.97e-4	0.005018	0.9234704	29329
18_54569235_C_G	G	0.1735	0.00409	0.006263	0.5265723	29141
9_3264933_G_C	C	0.125	0.012257	0.006684	0.0753746	29323
18_57790225_T_G	G	0.386	-0.003859	0.004755	0.4313611	29346
18_57829135_T_C	C	0.2833	-0.007463	0.005382	0.1787265	29307
14_103876454_A_G	G	0.3509	4.9e-5	0.005388	0.9929377	20662
10_94209939_C_T	T	0.2766	-0.007391	0.004622	0.1209464	29280
10_94344415_C_T	T	0.4492	-0.009905	0.004377	0.0282365	29333
10_94398118_A_G	G	0.3917	-0.009702	0.004439	0.0341027	29346
10_94409800_C_T	T	0.4741	-0.010089	0.004456	0.0281775	29343
10_114762237_G_A	A	0.4035	0.007238	0.004395	0.1102851	29285
10_114768609_A_G	G	0.4083	0.006882	0.004382	0.1278062	29289
8_9855805_C_A	A	0.3707	-0.002059	0.00522	0.7021502	24074
8_10635141_G_A	A	0.3667	0.00149	0.00473	0.7600095	24022
8_10830743_T_C	C	0.4167	-0.004152	0.005086	0.4286196	24085
18_57838401_G_A	A	0.2833	-0.007744	0.00538	0.1627613	29309
1_219628406_G_A	A	0.3879	-0.019194	0.004536	4.13e-5	29299
1_206596899_G_A	A	0.4083	-1.4e-4	0.004739	0.9770775	29177
2_165557318_C_T	T	0.4035	0.017539	0.004648	2.553e-4	29257
2_165508300_T_C	C	0.3833	0.017581	0.004568	1.919e-4	29327
2_43703684_G_C	C	0.08333	0.005525	0.007438	0.4714167	29336
2_43822006_A_G	G	0.1	0.004868	0.006778	0.4861944	29318
2_165539661_T_C	C	0.4583	0.017665	0.004408	1.028e-4	29277
2_43752346_A_G	G	0.06034	0.00719	0.007682	0.3640977	29324
2_58931770_A_G	G	0.1724	-0.010853	0.006246	0.0920043	29301
2_43846553_G_T	T	0.1	0.004834	0.006823	0.4921302	29324
2_43834163_A_G	G	0.1	0.004925	0.006799	0.4823952	29323
2_43753913_A_C	C	0.09483	0.012258	0.007253	0.1012633	29157
2_60392625_T_A	A	0.1583	-0.003894	0.00572	0.5091866	29313
2_42951501_C_T	T	0.4083	0.003335	0.004589	0.4810531	29123
2_43703183_T_G	G	0.08333	0.00556	0.007441	0.4688026	29336
2_43677273_G_C	C	0.08333	0.007274	0.00737	0.3385462	29336
2_43712785_G_T	T	0.08333	0.005896	0.007433	0.441783	29335
2_226884900_G_A	A	0.09167	0.011645	0.006521	0.0833355	29336
2_43586287_T_G	G	0.06667	0.004628	0.007474	0.5482492	29330
2_43677253_T_A	A	0.08333	0.007266	0.007371	0.3391361	29336
2_43712163_T_G	G	0.08333	0.005875	0.007435	0.4435514	29335
2_202980718_A_G	G	0.475	0.00102	0.004354	0.8203119	29331
2_43845329_A_T	T	0.1083	0.007188	0.00676	0.3025088	29183
2_43752407_G_A	A	0.0614	0.006384	0.007541	0.4117769	29325
2_43752548_G_A	A	0.0614	0.006388	0.007541	0.4114471	29326
2_43754655_T_C	C	0.08333	0.006585	0.007545	0.3973727	29314
2_43749436_T_G	G	0.1	0.006075	0.007329	0.4215878	29298
2_43493049_C_T	T	0.1417	0.003549	0.006774	0.6115022	29332
2_165507843_C_T	T	0.3814	0.017577	0.004575	1.97e-4	29328
2_65653199_A_C	C	0.4	0.008501	0.00481	0.086607	29332
2_43528478_C_T	T	0.1417	0.002958	0.006815	0.6738574	29321
2_43734847_C_T	T	0.09649	0.006359	0.007402	0.404834	29240
2_43505058_C_T	T	0.1417	0.002694	0.006787	0.7003288	29333
2_43735713_C_T	T	0.08333	0.006788	0.0074400000000000004	0.3763275	29329
3_35659344_T_G	G	0.3491	0.003376	0.004562	0.4731044	29319
3_185520578_A_G	G	0.2917	-0.008349	0.004659	0.0822697	29331
3_185520732_A_C	C	0.2667	-0.005805	0.004967	0.2570763	29340
3_12301472_C_T	T	0.05	0.002227	0.009031	0.8110451	29346
3_64700425_A_G	G	0.2105	0.00789	0.004775	0.1090898	29330
3_64724632_C_T	T	0.4741	-0.013172	0.005354	0.0170769	20633
3_23198484_G_A	A	0.05085	0.010401	0.007013	0.1504246	29344
8_8610783_A_C	C	0.375	0.001605	0.005171	0.7634647	24081
3_185479733_G_T	T	0.181	-0.006113	0.005456	0.2772375	29339
3_49995518_T_C	C	0.4333	-0.00118	0.004355	0.7928153	29346
3_64705365_C_T	T	0.4583	0.00902	0.004356	0.0446918	29341
3_123095312_G_A	A	0.1635	0.011522	0.005182	0.0310921	29345
3_185499057_C_G	G	0.2797	-0.007739	0.005107	0.1417278	27647
3_12391207_C_T	T	0.075	0.00353	0.006482	0.5974932	29346
4_153520475_C_T	T	0.2583	-0.006433	0.005156	0.2263179	28938
5_53394938_T_C	C	0.3583	0.015347	0.004811	0.0019908	29344
11_65254201_T_C	C	0.3417	-0.00892	0.004723	0.0670999	29297
4_48619937_C_T	T	0.4417	0.005023	0.00439	0.2671327	29282
4_103936001_G_A	A	0.3167	0.002693	0.004628	0.57256	29330
4_18053698_C_T	T	0.375	-0.007904	0.004719	0.104365	29262
4_18094853_C_T	T	0.25	0.008467	0.005176	0.1126891	29329
5_74534372_A_G	G	0.375	6.13e-4	0.004486	0.8945034	29346
5_44941630_C_T	T	0.3482	-0.001807	0.004516	0.6979688	29346
5_76427311_G_A	A	0.2667	0.009818	0.005465	0.0815141	29256
5_76439250_G_A	A	0.4717	-0.002073	0.005262	0.7024008	28963
6_76335841_T_G	G	0.3333	-0.006008	0.004556	0.2010046	29335
6_138773071_G_C	C	0.2034	-0.005632	0.006064	0.3678036	29334
6_20659459_G_A	A	0.3667	-0.011279	0.004509	0.0153152	29338
6_20760177_C_T	T	0.0431	-0.015224	0.008151	0.0701528	29342
6_20760612_C_T	T	0.4917	-7.66e-4	0.004336	0.8639209	29342
6_32375745_G_A	A	0.4746	-0.002082	0.004459	0.6506599	29269
12_121197124_C_T	T	0.1293	-0.003242	0.005609	0.5751154	29291
6_20703952_A_G	G	0.25	-0.009014	0.00487	0.0726646	29324
6_20586575_G_A	A	0.06667	-0.013749	0.010222	0.1921242	29346
6_20644494_G_A	A	0.2583	-0.009983	0.005226	0.064003	29340
6_20717095_A_G	G	0.15	-0.009966	0.005535	0.080818	29340
6_127779647_A_T	T	0.3667	-0.001256	0.004547	0.7888401	29309
5_102083354_A_C	C	0.3917	-0.004609	0.004328	0.3017845	29342
7_15052860_T_C	C	0.4333	0.003786	0.004411	0.4053461	29291
7_15050305_C_G	G	0.4333	0.003591	0.004375	0.4260671	29310
7_28138193_A_G	G	0.3	-0.002241	0.00484	0.6534826	29327
7_15048611_T_G	G	0.4917	-0.002639	0.004336	0.5550907	29346
7_15048814_T_C	C	0.45	0.004123	0.004337	0.3566194	29333
7_28156887_C_T	T	0.1833	-0.020514	0.005307	1.796e-4	29227
8_129557523_G_A	A	0.175	-0.008156	0.007093	0.2648201	24073
8_11171087_A_C	C	0.3455	7.41e-4	0.004832	0.8818018	24074
8_41523745_G_A	A	0.1833	0.003125	0.005354	0.5714181	24084
8_9200472_A_C	C	0.3667	-0.001947	0.004986	0.7049917	24029
8_9578255_G_A	A	0.3	-0.010837	0.004787	0.0281798	24084
8_10580550_G_C	C	0.4322	-0.002003	0.00475	0.6826609	23985
8_19876797_T_C	C	0.125	0.015012	0.00794	0.0667842	24059
9_15823667_T_C	C	0.4083	-3.37e-4	0.004356	0.9401778	29346
9_22129579_C_T	T	0.1833	-0.004204	0.007051	0.5631745	28847
9_97793139_A_T	T	0.125	0.003909	0.006793	0.5769405	29339
9_22054040_C_T	T	0.3667	0.00495	0.004422	0.2777928	29304
9_4289050_C_A	A	0.475	-0.001645	0.004295	0.7103592	29321
10_80953393_G_C	C	0.4167	0.009935	0.004371	0.0275401	29312
10_80942721_A_G	G	0.4167	0.004375	0.004421	0.3372407	29334
10_114789077_T_C	C	0.4138	0.007338	0.004434	0.108561	29177
10_114812071_T_C	C	0.4167	0.006655	0.004419	0.1442022	29344
10_94120376_G_T	T	0.4224	0.001229	0.004367	0.7848687	29328
10_94414263_A_C	C	0.4196	-0.010226	0.004464	0.0263552	29344
10_76896562_T_C	C	0.3814	-0.005256	0.004396	0.2463395	29346
10_94176088_T_C	C	0.4083	-0.01021	0.00464	0.0328833	29345
10_114796048_A_G	G	0.4	0.007416	0.004368	0.0997326	29295
11_47461693_G_A	A	0.3559	-0.003327	0.004786	0.5002603	29311
11_72707441_A_C	C	0.1333	0.007748	0.00568	0.1859379	29346
11_72407269_A_G	G	0.4322	-1.02e-4	0.004368	0.9819107	29346
11_43817320_C_G	G	0.2241	0.004286	0.00498	0.4039057	29249
8_8103782_C_T	T	0.4083	-0.004482	0.0053	0.4122456	23886
11_17163427_C_T	T	0.45	0.007096	0.004332	0.1122129	29331
11_17412960_A_G	G	0.3583	0.00885	0.004672	0.0662671	29166
11_85027586_G_C	C	0.04167	0.004326	0.010107	0.6781129	29345
12_66168151_G_T	T	0.1167	2.39e-4	0.006667	0.9722188	29264
22_50451771_C_T	T	0.425	-0.00939	0.004475	0.0419063	29300
12_71439589_C_T	T	0.45	0.001638	0.004377	0.7166895	29323
14_91971265_T_C	C	0.425	0.005657	0.004468	0.2194851	29247
14_103886757_A_G	G	0.3583	-0.001004	0.004523	0.8295718	29322
15_91566862_C_T	T	0.2917	2.34e-4	0.004566	0.9603533	29314
15_57029792_T_C	C	0.008333	-0.007212	0.014247	0.6235539	29342
15_77832762_G_A	A	0.2833	0.002564	0.004898	0.6117881	29313
15_77747190_A_G	G	0.3083	0.003729	0.00469	0.4407009	29345
16_53822651_A_G	G	0.4417	0.005119	0.004494	0.2693407	29316
16_53828752_A_G	G	0.2917	0.005345	0.004889	0.2891192	29345
16_53810686_T_C	C	0.4417	0.004724	0.004478	0.3063882	29292
16_53821862_C_T	T	0.4615	0.005379	0.004491	0.2454573	29216
16_53821615_A_G	G	0.4483	-3.88e-4	0.005309	0.9434198	20640
16_69894432_A_G	G	0.475	-0.015598	0.004303	4.429e-4	29341
16_75247245_T_G	G	0.1271	0.010083	0.007378	0.185102	29336
17_18005073_A_G	G	0.2368	-0.011122	0.00455	0.0178055	29335
17_40656043_T_G	G	0.125	-0.003074	0.008819	0.7353922	29340
18_57901950_T_G	G	0.3667	-0.005009	0.004617	0.2927433	29335
18_36917981_C_T	T	0.2083	0.008511	0.005651	0.1441504	29319
18_57734857_C_T	T	0.275	-4.9e-4	0.005045	0.9249409	29281
18_57738602_T_G	G	0.275	-0.001064	0.005069	0.8386852	29285
5_44796042_T_C	C	0.3417	-0.001836	0.004493	0.6918724	29323
12_41960920_C_T	T	0.2833	-0.003877	0.004484	0.4018315	29341
13_59037838_T_C	C	0.1379	-0.010013	0.006005	0.1059044	29318
4_6303354_G_A	A	0.2833	-0.004427	0.004379	0.3268692	29344
17_29684553_C_T	T	0.4655	0.002283	0.004423	0.6166816	29344
16_89616558_T_C	C	0.009804	0.024924	0.015417	0.1169761	26608
4_185716232_T_C	C	0.175	-0.011718	0.00616	0.0650852	29262
8_10503525_A_G	G	0.3917	-8.34e-4	0.005781	0.8887303	23130
1_93163385_A_G	G	0.3276	0.00148	0.005356	0.7887493	20666
6_32299715_G_A	A	0.3583	-0.004623	0.0044470000000000004	0.3134751	29345
6_20665081_G_A	A	0.1083	-0.007616	0.006253	0.2376025	29346
3_64710850_T_C	C	0.4583	0.009814	0.004391	0.0302344	29334
3_185036664_T_C	C	0.1333	0.003507	0.005789	0.5568779	29346
6_20767471_C_T	T	0.05932	-0.018606	0.007823	0.0211226	29342
6_20773752_C_T	T	0.4554	0.004283	0.004418	0.3472122	29342
8_110063614_C_T	T	0.3833	-0.002803	0.004655	0.5593595	24080
3_114939510_G_A	A	0.2083	-3.34e-4	0.00542	0.9523991	29346
15_84584959_C_T	T	0.475	-0.007541	0.004346	0.092496	29343
17_36101156_T_C	C	0.4667	0.00166	0.005967	0.7874065	17038
8_41525914_C_T	T	0.1833	0.002904	0.005377	0.6005069	24079
17_17660347_C_T	T	0.25	0.012395	0.004466	0.0071388	29343
4_6281961_C_T	T	0.2417	-0.005953	0.004676	0.2169572	29263
1_214147889_T_C	C	0.4907	-9.89e-4	0.004382	0.8267534	29330
1_155728088_A_T	T	0.431	-0.004516	0.004841	0.3656655	28829
2_18721662_G_A	A	0.4322	-0.015739	0.004583	8.742e-4	29335
2_43701951_G_T	T	0.08333	0.005667	0.007418	0.458789	29336
2_43668261_C_T	T	0.08333	0.007161	0.007357	0.3452566	29334
2_43706002_T_C	C	0.08333	0.006005	0.007423	0.4327758	29335
11_17418477_C_A	A	0.4	0.010104	0.00456	0.0316776	29340
17_36096515_T_C	C	0.4333	0.002645	0.006381	0.6876889	16842
2_43685109_C_A	A	0.08333	0.007226	0.007477	0.3487249	29336
2_60581094_T_C	C	0.4667	-0.002215	0.004359	0.6221985	29175
2_43841269_C_T	T	0.1	0.005141	0.006812	0.4643324	29321
2_227020653_A_G	G	0.3583	0.020835	0.004715	1.85e-5	29311
2_43732823_T_C	C	0.08333	0.006926	0.007371	0.3622079	29237
2_105176835_T_A	A	0.3167	-0.004566	0.004852	0.3615139	29321
2_43702151_A_G	G	0.08333	0.005593	0.007446	0.4664488	29336
2_100665274_T_G	G	0.2288	-0.003236	0.005812	0.5892546	29300
2_43685493_A_G	G	0.08333	0.007205	0.007488	0.3507818	29336
2_43710807_A_G	G	0.08333	0.005919	0.00743	0.4398838	29335
2_43841119_A_G	G	0.1	0.005149	0.00681	0.4634693	29321
2_43494177_T_C	C	0.1417	0.003355	0.00678	0.6313992	29333
2_43629931_G_T	T	0.06667	0.004658	0.007517	0.5479135	29330
2_43672499_A_C	C	0.03704	0.00745	0.007367	0.3267563	29335
3_123070517_C_T	T	0.1696	0.007968	0.005725	0.1772017	28993
3_122936419_A_G	G	0.1833	-0.007876	0.005894	0.1950859	25928
3_185510613_T_G	G	0.2845	-0.008166	0.004671	0.0900644	29332
3_12383714_G_A	A	0.06034	0.00407	0.006493	0.5432941	29336
3_185522447_G_A	A	0.2797	-0.007534	0.004855	0.1323579	29289
3_185547917_C_T	T	0.4083	0.003598	0.004572	0.4454665	29343
3_185514931_T_C	C	0.2917	-0.008282	0.004665	0.0851222	29332
3_12391813_G_A	A	0.075	0.003528	0.006553	0.6016404	29339
3_185490734_T_G	G	0.2712	-0.005651	0.004987	0.2717891	29343
3_12392272_C_T	T	0.0678	0.003471	0.006558	0.6078032	29339
3_185513392_A_G	G	0.2881	-0.008622	0.004702	0.0753963	29275
4_45133240_A_G	G	0.325	-0.003614	0.004705	0.4564351	29343
4_103887331_G_A	A	0.475	-7.13e-4	0.004352	0.8738482	29320
4_17811914_A_C	C	0.3246	-0.011479	0.004854	0.0218743	29285
4_153513369_T_A	A	0.275	-0.004954	0.004852	0.3220705	29173
4_103988899_G_T	T	0.4333	0.002617	0.004397	0.5639544	29337
4_95936567_G_T	T	0.4018	0.003783	0.004589	0.4240636	29339
4_185631998_T_C	C	0.2155	-0.002798	0.005842	0.6423327	29278
4_153254121_C_T	T	0.25	-0.002131	0.004956	0.6767761	29215
4_77551310_C_T	T	0.4153	6.31e-4	0.004425	0.8900758	29322
4_6324246_A_G	G	0.3448	-0.00698	0.005561	0.2236068	20071
5_76425867_G_A	A	0.2627	0.009355	0.005443	0.0955719	29321
5_44922704_C_G	G	0.3475	0.001915	0.004499	0.6798545	29346
5_101551842_C_T	T	0.09167	0.001296	0.007951	0.8743715	29320
5_74923321_G_A	A	0.2167	0.002459	0.005333	0.6548653	29338
6_20731524_A_C	C	0.08333	-0.006306	0.006406	0.3398623	27680
6_7195684_C_T	T	0.225	-0.001095	0.005596	0.8494386	29330
6_20725423_G_C	C	0.2083	-0.012147	0.005285	0.0258568	29279
6_20665549_G_A	A	0.3051	-0.010113	0.004618	0.0337399	29346
6_20660223_C_T	T	0.2	-0.008572	0.00556	0.1349382	29346
6_20537961_A_G	G	0.06667	-0.01157	0.010257	0.2740457	29347
6_20661250_G_C	C	0.3083	-0.01019	0.004608	0.0320215	29346
6_138781749_C_T	T	0.1949	-0.005449	0.006111	0.3872238	29343
6_153367347_T_G	G	0.322	-0.012951	0.004729	0.007932	29346
6_20751241_C_G	G	0.475	0.004606	0.00439	0.3090324	29343
6_20725240_T_C	C	0.1417	-0.010396	0.005609	0.0723181	29298
6_20633907_G_A	A	0.1333	-0.006761	0.005587	0.2406074	29344
2_166535918_C_T	T	0.4397	2.39e-4	0.00529	0.9650793	20503
6_20955332_T_C	C	0.325	0.001297	0.004875	0.796405	29319
7_15047637_A_G	G	0.5	0.002858	0.004336	0.5227909	29277
7_15055616_G_A	A	0.4917	-0.003091	0.004327	0.4885027	29280
2_27742603_T_C	C	0.3833	0.015874	0.004385	4.504e-4	29336
2_27741237_T_C	C	0.3833	0.015741	0.004386	5.044e-4	29317
7_28245082_A_G	G	0.1333	-0.01754	0.006699	0.0111442	29334
10_80935083_G_C	C	0.4912	0.007415	0.004996	0.1500801	28080
8_11453671_T_C	C	0.375	-0.005785	0.005876	0.3398122	20551
17_3966064_A_G	G	0.3583	-0.003387	0.004545	0.4699698	29320
17_3953083_T_C	C	0.3534	-0.005033	0.005295	0.3566358	20651
1_72906385_G_A	A	0.1538	-0.003792	0.005651	0.5151919	29228
8_10954391_A_G	G	0.3333	-0.003198	0.005066	0.5405053	24085
9_33905525_G_C	C	0.3917	0.002638	0.004523	0.5716668	29346
9_22031005_G_A	A	0.3917	0.005162	0.004404	0.2556254	29336
9_96933251_G_A	A	0.3545	-0.00104	0.004642	0.8280299	29346
9_28411632_T_C	C	0.45	-0.001888	0.004366	0.675005	29341
10_114766717_C_T	T	0.1339	0.013511	0.006066	0.0308243	29332
10_94395748_A_C	C	0.3917	-0.009639	0.004437	0.0351724	29346
10_114732906_A_C	C	0.3917	-0.00535	0.004326	0.230422	29256
10_114754088_T_C	C	0.2797	-4.54e-4	0.004698	0.9253414	29338
10_114758349_C_T	T	0.25	0.002156	0.004799	0.6631152	29346
10_94436851_T_C	C	0.4828	-0.007146	0.004403	0.1155173	29313
10_94382950_T_C	C	0.3917	-0.009905	0.004412	0.0295024	29345
10_114732882_T_C	C	0.3879	-0.005602	0.004316	0.2081632	29306
10_94481917_G_A	A	0.375	-0.006461	0.004471	0.1611169	29344
10_94482076_C_T	T	0.375	-0.006482	0.004469	0.1596	29339
10_114787012_T_C	C	0.4167	0.006292	0.004366	0.1623106	29338
11_17372443_C_A	A	0.4333	0.004323	0.004471	0.3484183	29335
11_128236058_C_A	A	0.2167	0.012782	0.005111	0.0153327	27681
11_92684322_G_A	A	0.375	-4.8e-5	0.004458	0.9916331	29340
11_92690032_G_T	T	0.307	0.002199	0.004669	0.6479731	29236
11_17085192_A_C	C	0.2667	-0.008054	0.004903	0.1111496	29346
11_92706175_G_A	A	0.425	-0.008169	0.004539	0.080928	29149
12_121403724_G_A	A	0.4083	0.001251	0.004335	0.7796398	29347
12_4238173_C_T	T	0.01667	-4.54e-4	0.014167	0.975185	29331
12_71433293_C_T	T	0.4492	0.001754	0.004373	0.6973904	29322
12_123544878_A_G	G	0.3167	-0.003547	0.00479	0.4727429	29336
12_121460686_T_A	A	0.15	0.003405	0.005587	0.5545708	29314
12_27946919_T_C	C	0.1333	0.00371	0.005265	0.4944814	29317
12_121471931_C_T	T	0.1583	0.003419	0.005516	0.5478202	29338
13_80619837_C_T	T	0.4322	-0.005539	0.004354	0.2174123	29318
13_80616868_G_A	A	0.4407	-0.005901	0.004367	0.1900496	29282
14_79955415_C_T	T	0.3583	0.003762	0.004967	0.4627123	27667
15_91527451_T_A	A	0.1316	-0.004197	0.005521	0.4610563	29343
15_38834033_T_C	C	0.35	0.004419	0.005176	0.4078299	29299
15_57421355_T_C	C	0.4052	-6.55e-4	0.004387	0.8849465	29332
15_91521337_C_A	A	0.2167	-3.19e-4	0.004559	0.9458277	29346
16_53798523_G_A	A	0.4333	0.006549	0.004753	0.1815056	29027
16_53816275_C_A	A	0.45	0.005367	0.004385	0.2352551	29323
16_53816752_A_G	G	0.4483	0.005051	0.004384	0.2638518	29336
16_20376078_G_A	A	0.4153	0.005247	0.004452	0.253055	29333
16_30046042_G_A	A	0.45	-0.002826	0.004674	0.5576799	29335
16_53803156_G_A	A	0.4237	0.00645	0.004519	0.166285	29221
16_53812614_G_A	A	0.4576	0.00555	0.004463	0.2279061	29216
17_3842491_G_A	A	0.2167	0.01418	0.005742	0.0166515	27872
17_4156160_G_A	A	0.3362	-0.001425	0.004505	0.7590196	29321
17_3985864_G_A	A	0.2542	-0.006004	0.004698	0.215298	29323
17_65938655_G_A	A	0.2542	0.007247	0.005228	0.1789234	29327
17_61857937_T_G	G	0.325	0.003271	0.004856	0.5137396	29344
18_57793589_C_A	A	0.3667	-0.004072	0.004809	0.4115352	29346
18_57751960_T_C	C	0.275	-0.002271	0.005086	0.6650404	29345
6_26226032_C_G	G	0.2667	-0.003478	0.00543	0.5345361	28854
9_22064391_G_A	A	0.3417	0.004032	0.004453	0.3799347	29345
10_124160581_G_A	A	0.45	-0.005702	0.004425	0.2114769	29343
17_76789991_A_T	T	0.4333	0.009781	0.004342	0.0289596	29340
10_72601396_A_T	T	0.1833	-0.003336	0.005657	0.5675394	29341
5_102538752_T_C	C	0.3333	-0.002791	0.004767	0.5702943	29342
7_28196413_G_A	A	0.4655	0.012677	0.00435	0.0047308	29334
7_28179396_C_T	T	0.4237	0.004977	0.004458	0.2789549	29344
7_28183702_T_C	C	0.4068	0.006281	0.004437	0.1698451	29341
7_28185091_A_G	G	0.2881	-0.001045	0.004808	0.8331535	29340
7_28185891_T_C	C	0.4833	0.012014	0.004318	0.0069875	29339
7_28208836_T_G	G	0.1667	2.52e-4	0.006708	0.9709816	27694
7_28260312_G_A	A	0.45	0.002167	0.005572	0.7061679	28024
7_28224053_A_G	G	0.375	0.017051	0.004591	3.188e-4	29346
20_51256226_G_A	A	0.3583	-0.007947	0.004551	0.0904005	29341
14_74978865_C_T	T	0.4655	0.002053	0.00538	0.7114232	20579
7_28180556_T_C	C	0.4825	0.011747	0.004308	0.00821	29337
4_95019816_C_A	A	0.4828	0.005968	0.004377	0.1861564	29325
15_77872039_G_C	C	0.3333	-0.005244	0.004562	0.2649525	29342
2_227180619_G_T	T	0.3833	-0.021383	0.004601	6.67e-6	29332
7_28172586_T_C	C	0.2119	-0.018116	0.005168	6.811e-4	29279
3_64710253_G_A	A	0.45	0.010012	0.004413	0.0278197	29332
2_227179630_C_G	G	0.3833	-0.021316	0.004592	6.85e-6	29332
6_32254654_A_G	G	0.3583	-0.004107	0.004466	0.3725469	29340
6_32574060_A_C	C	0.2542	-0.013188	0.006504	0.0493109	26545
6_32594328_C_T	T	0.275	-0.009834	0.005852	0.1031939	29232
6_32670214_A_C	C	0.1667	0.001585	0.005838	0.7923316	29268
6_32439828_G_A	A	0.4167	0.001707	0.004867	0.7338427	29263
6_20652717_C_G	G	0.3083	-0.009935	0.004609	0.0366503	29342
6_20652765_A_G	G	0.1667	-0.009077	0.005693	0.1220897	29344
6_20716253_G_A	A	0.2083	-0.010547	0.005196	0.0490493	29344
9_125990243_C_T	T	0.05833	0.0047	0.008758	0.6028454	29345
17_76799898_A_G	G	0.4483	0.008139	0.005086	0.1207105	20664
2_43554397_T_A	A	0.1583	0.002678	0.005637	0.6450703	29324
2_43554972_C_A	A	0.1583	0.002215	0.005632	0.7029526	29321
6_140595744_T_C	C	0.2083	0.008698	0.005477	0.1235637	29342
11_35017205_G_T	T	0.2368	0.011643	0.004777	0.0181298	29343
6_7317608_G_A	A	0.2167	6.11e-4	0.00543	0.9130888	29332
6_20641336_C_T	T	0.1083	-0.006018	0.0063	0.3543676	29329
6_20584423_G_A	A	0.3136	-0.002745	0.004604	0.563194	29298
6_20667799_A_G	G	0.1525	-0.009092	0.006056	0.1454062	29227
6_20683164_G_A	A	0.2768	-0.010327	0.004664	0.0318171	29342
6_20740296_C_T	T	0.3917	-0.003159	0.004443	0.4905011	29342
6_20667688_C_T	T	0.1083	-0.005981	0.006264	0.3545373	29318
6_20720279_T_C	C	0.09167	-0.007553	0.006426	0.254366	29323
6_20725007_T_A	A	0.2143	-0.011941	0.005283	0.0284205	29293
6_20725097_T_A	A	0.09167	-0.008042	0.006422	0.2246146	29319
6_20844151_G_A	A	0.3814	-0.002744	0.004446	0.5495498	29345
6_20576666_G_A	A	0.3	-0.001194	0.004577	0.8003353	29333
6_20654897_T_C	C	0.1667	-0.008664	0.005707	0.1409535	29346
6_20667382_T_C	C	0.3136	-0.010202	0.004626	0.032492	29346
6_20719393_A_C	C	0.09167	-0.007419	0.006408	0.2615646	29323
6_20773560_G_A	A	0.4333	0.004952	0.004368	0.271582	29340
6_20545468_A_G	G	0.3729	-0.003425	0.004432	0.4536344	29311
6_20599628_C_T	T	0.3083	-0.002235	0.004559	0.6346058	29338
6_20580893_G_T	T	0.3136	-0.001526	0.004609	0.7481195	29317
6_20686996_C_A	A	0.25	-0.009313	0.004836	0.0618486	29339
6_20719232_T_A	A	0.15	-0.009953	0.005567	0.0830057	29340
6_20723057_T_C	C	0.1417	-0.010426	0.005622	0.0721353	29289
6_140468458_C_G	G	0.1132	0.007864	0.005439	0.1609204	29328
6_140518916_C_T	T	0.2083	0.005243	0.005551	0.3596947	29342
6_126704795_C_T	T	0.3879	-0.002294	0.004457	0.6177148	29246
6_126785062_A_G	G	0.4083	-3.11e-4	0.004351	0.9447306	29339
6_126970895_C_A	A	0.425	4.13e-4	0.004307	0.9259638	29243
6_130354855_T_C	C	0.3333	-0.003915	0.004744	0.4235835	29345
6_140585723_T_G	G	0.2083	0.008729	0.005467	0.1215299	29338
6_7195009_G_A	A	0.2417	7.26e-4	0.0051	0.8901312	28060
3_183701147_G_C	C	0.4083	-0.001812	0.004316	0.6840014	29344
6_43825459_G_T	T	0.4224	0.003661	0.00519	0.4940819	29064
6_153416912_G_A	A	0.4298	-0.012843	0.004375	0.0044293	29334
6_140433292_G_A	A	0.1604	0.007924	0.005447	0.1583267	29326
6_126755055_A_G	G	0.4083	-4.06e-4	0.004356	0.9279402	29339
6_126877523_A_G	G	0.425	0.001095	0.004302	0.805104	29262
12_123491572_G_A	A	0.25	-0.011415	0.005077	0.0292569	29346
10_77626488_C_G	G	0.2667	0.005183	0.005256	0.3389448	27658
1_219756193_C_T	T	0.2583	0.005485	0.005047	0.2919678	29342
9_22051670_G_C	C	0.3667	0.005013	0.004421	0.2715132	29307
6_20528834_G_A	A	0.1316	-0.005778	0.007729	0.4685479	29259
6_20648762_A_G	G	0.5	0.011159	0.004387	0.0136729	29341
6_20656767_G_A	A	0.2	-0.008601	0.005565	0.1339288	29344
6_20719561_G_A	A	0.15	-0.009997	0.005572	0.0819366	29340
6_20629708_C_T	T	0.1356	-0.006804	0.005575	0.2365903	29338
6_20634428_G_T	T	0.1333	-0.006745	0.005599	0.2426928	29344
6_20639409_C_T	T	0.1207	-0.005888	0.00567	0.3140053	29314
6_20717255_T_C	C	0.15	-0.009747	0.005534	0.0876438	29341
6_20757646_T_A	A	0.4636	0.004393	0.004398	0.3327791	29341
6_20774313_T_C	C	0.4576	0.004822	0.004583	0.3075976	29292
6_43826681_C_T	T	0.2333	0.007739	0.005422	0.1663581	29272
10_94495753_C_A	A	0.4397	0.003267	0.004691	0.4994695	29346
6_127251021_G_A	A	0.1417	-0.002178	0.006441	0.743014	29347
12_61227957_T_C	C	0.18	0.010082	0.006212	0.1155325	29138
17_17783748_A_G	G	0.2807	0.010701	0.004382	0.0179025	29346
2_227062080_A_G	G	0.3583	-0.02178	0.0046	4.48e-6	29279
13_41607087_C_T	T	0.375	0.006471	0.004361	0.1501596	29339
13_109944192_C_T	T	0.4833	0.007581	0.00447	0.1000781	29345
13_51085041_G_A	A	0.2583	0.002674	0.005219	0.6193455	29339
13_58314069_T_G	G	0.2966	0.002407	0.005116	0.6482283	29338
6_137291971_G_A	A	0.2083	0.005098	0.004884	0.311487	29341
11_27734420_T_C	C	0.3417	-0.003095	0.004738	0.5264632	29319
13_51096095_A_T	T	0.2966	0.001688	0.004761	0.7310431	29340
4_95032367_G_A	A	0.4917	0.006004	0.004346	0.1803234	29310
5_74466737_C_T	T	0.3667	1.06e-4	0.004487	0.9816711	29346
7_104667334_G_A	A	0.2069	-0.001914	0.006431	0.7728532	25227
3_86874663_T_G	G	0.4167	0.002829	0.004503	0.5424066	29344
5_55861786_C_T	T	0.1949	9.54e-4	0.005623	0.8692766	29315
6_20741383_G_A	A	0.3917	-0.003172	0.004441	0.488658	29336
7_130466854_A_G	G	0.45	0.005623	0.004484	0.2239995	29313
6_20662123_A_G	G	0.5	0.011158	0.004386	0.0136617	29330
3_185530322_G_A	A	0.2667	-0.005526	0.004952	0.2792184	29347
3_49792158_T_G	G	0.4417	6.6e-5	0.004348	0.9882754	29344
3_46957298_G_A	A	0.3333	-0.021309	0.004699	1.11e-5	29343
3_185534482_G_A	A	0.2966	-0.007943	0.004668	0.0989359	29327
3_64701146_A_G	G	0.2333	0.008003	0.004744	0.1018894	29333
3_64704891_T_C	C	0.25	0.007205	0.004663	0.1340819	29338
3_69791738_G_A	A	0.2083	-7.32e-4	0.006192	0.9087408	27128
4_89706643_C_G	G	0.4833	-0.020548	0.004368	5.16e-6	29344
3_149183359_C_T	T	0.4153	4.16e-4	0.004456	0.9279039	29272
17_47106878_T_G	G	0.3966	-3.93e-4	0.004652	0.9347619	29345
10_112813225_C_T	T	0.1441	0.001733	0.005777	0.7711875	29347
17_37556431_G_C	C	0.25	-5.87e-4	0.005025	0.9097624	29344
17_17770965_T_C	C	0.2833	0.011086	0.004507	0.0170944	29298
17_4184641_C_A	A	0.3017	0.001702	0.00545	0.762086	20646
16_53806280_C_G	G	0.4167	0.006502	0.004473	0.158643	29237
16_53831146_C_T	T	0.475	0.004695	0.004485	0.3100409	29182
16_53801549_C_T	T	0.475	0.003257	0.004573	0.4898589	29189
16_53819198_G_C	C	0.4423	0.005282	0.004452	0.2500086	29288
16_75246419_C_T	T	0.1583	0.006496	0.006692	0.3465924	29347
16_53799905_A_G	G	0.4831	0.00324	0.004598	0.4944359	29187
16_53830452_A_G	G	0.4831	0.00464	0.004478	0.3149597	29181
16_53830465_A_G	G	0.475	0.005079	0.004474	0.2710298	29078
16_53830491_T_C	C	0.4746	0.004679	0.004481	0.3113587	29182
18_36285281_A_G	G	0.1333	-0.010773	0.006645	0.1159255	29335
16_53819169_T_C	C	0.4273	0.005723	0.00459	0.2266804	29204
16_53799507_G_A	A	0.4636	0.003229	0.004603	0.4964162	29187
16_53800568_G_A	A	0.4746	0.00321	0.004572	0.4959798	29188
16_53800754_G_A	A	0.475	0.003259	0.004569	0.4891308	29186
7_14898152_T_C	C	0.2583	-0.002501	0.00469	0.6051137	29325
18_57869750_C_T	T	0.3667	-0.00574	0.004622	0.2285272	29309
18_58052665_C_T	T	0.03333	0.014976	0.013737	0.2904203	25138
18_57912785_G_A	A	0.3667	-0.00427	0.004759	0.3842961	29190
18_56881633_C_A	A	0.1271	-0.002	0.00568	0.7327958	29316
4_153411843_T_C	C	0.2583	-0.001979	0.004725	0.6846364	29345
