VAR_ID	Effect_Allele_PH	MAF_PH	BETA	SE	OR_TRUST	P_VALUE	N_PH
4_6292915_A_G	G	0.323	-0.0033	0.0033	1	0.3182	36466
4_6293350_T_C	C	0.317	-0.0036	0.0034	1	0.286	36466
4_6294607_G_A	A	0.281	-0.0028	0.0034	1	0.4085	36466
4_153252061_A_G	G	0.274	0.0022	0.0036	1	0.5399	36466
5_101554481_C_T	T	0	9e-4	0.0066	1	0.8882	36466
5_78581371_T_A	A	0.345	0.0066	0.0033	1	0.04475	36466
19_33910740_C_T	T	0.424	-0.0045	0.0033	1	0.1738	36466
5_102704259_T_C	C	0.248	0.0023	0.0037	1	0.533	36466
9_22036112_G_T	T	0.375	0.0015	0.0033	1	0.6418	36466
8_11144314_T_C	C	0.465	-0.0053	0.0033	1	0.1097	36466
8_10813904_G_T	T	0.458	0.009	0.0036	1	0.01121	36466
8_11130977_G_T	T	0.4	0.0064	0.0033	1	0.05404	36466
22_44336310_A_G	G	0.208	0.0022	0.0041	1	0.5947	36466
8_10990672_C_T	T	0.39	0.011	0.0034	1	0.001618	36466
6_20577561_G_T	T	0.405	-0.0059	0.0036	1	0.1031	36466
10_114742835_G_A	A	0.412	-0.0056	0.0035	1	0.1046	36466
2_43552460_G_C	C	0.112	0.016	0.0054	1	0.003593	36466
2_161087411_T_C	C	0.252	0.0035	0.0037	1	0.3421	36466
2_227019461_C_T	T	0.226	-0.0018	0.004	1	0.6547	36466
2_165508389_C_T	T	0.441	-0.0071	0.0034	1	0.03381	36466
2_43839896_G_A	A	0.1	0.016	0.0052	1	0.002213	36466
2_43840048_G_A	A	0.1	0.016	0.0052	1	0.002222	36466
2_43690030_C_T	T	0.124	0.026	0.0059	1	9.796e-6	36466
2_227041527_A_C	C	0.142	-0.0054	0.0045	1	0.224	36466
7_69641784_A_G	G	0.186	0.0038	0.0038	1	0.3099	36466
7_18267499_C_T	T	0.292	0.0062	0.0037	1	0.09793	36466
7_15993577_A_G	G	0.317	5e-4	0.0037	1	0.8919	36466
7_89912301_G_A,T	A	0.237	-0.0044	0.0042	1	0.2954	36466
5_157994544_A_G	G	0.267	0.0045	0.0043	1	0.2929	36466
5_102690633_C_A	A	0.381	-4e-4	0.0034	1	0.9004	36466
19_12492039_G_T	T	0.482	0.0014	0.0033	1	0.6654	36466
19_19643028_C_A	A	0.354	-0.0098	0.0035	1	0.005226	36466
8_8890041_A_G	G	0.496	0.0017	0.0033	1	0.6183	36466
4_6304242_T_C	C	0.252	-0.0043	0.0036	1	0.2346	36466
4_6304286_C_T	T	0.208	-0.0065	0.0036	1	0.07516	36466
9_34012222_T_A	A	0.275	0.0098	0.0037	1	0.008361	36466
5_101946548_G_C	C	0.254	0.0076	0.0036	1	0.03178	36466
5_101918306_T_C	C	0.31	0.0064	0.0034	1	0.05936	36466
2_60669931_T_C	C	0.271	1e-4	0.0037	1	0.9885	36466
2_43806918_C_T	T	0.146	0.015	0.0053	1	0.004018	36466
19_19723215_C_T	T	0.102	0.0026	0.0064	1	0.6781	36466
6_7281654_A_G	G	0.394	0.0056	0.0033	1	0.09121	36466
8_8378422_C_T	T	0.296	-0.0011	0.0035	1	0.7634	36466
8_10652352_A_G	G	0.25	0.0086	0.004	1	0.02968	36466
12_39422793_T_C	C	0.451	4e-4	0.0034	1	0.912	36466
9_96945748_C_T	T	0.263	0.0038	0.0037	1	0.3109	36466
4_104214616_A_G	G	0.385	-3e-4	0.0034	1	0.9257	36466
14_33293122_A_G	G	0.447	0.0013	0.0035	1	0.7069	36466
15_84591575_A_G	G	0.475	0.0025	0.0033	1	0.4572	36466
15_90425002_C_A	A	0.281	-0.0047	0.0036	1	0.1958	36466
17_4008820_G_A	A	0.137	-0.0011	0.0043	1	0.7969	36466
6_31146403_C_T	T	0.195	-3e-4	0.004	1	0.9421	36466
1_205115150_C_A	A	0.25	-0.0045	0.0037	1	0.2239	36466
5_14847331_G_A	A	0.449	0.0031	0.0035	1	0.3679	36466
1_205129319_G_A	A	0.258	-0.0032	0.0038	1	0.3978	36466
9_22003367_G_A	A	0.451	0.002	0.0033	1	0.5505	36466
10_121701160_G_T	T	0.242	-0.0097	0.0039	1	0.01252	36466
12_71597470_A_C	C	0.283	-0.0011	0.0036	1	0.7542	36466
10_94477219_T_A	A	0.367	0.0067	0.0033	1	0.04442	36466
9_4292083_G_A	A	0.464	-0.015	0.0033	1	1.334e-5	36466
10_71469969_G_T	T	0.482	-0.0015	0.0034	1	0.6591	36466
11_92706944_A_G	G	0.482	-0.029	0.0035	1	1.822e-16	36466
11_13340710_T_A	A	0.233	0.0041	0.0037	1	0.2681	36466
11_2826199_A_G	G	0.035	0.024	0.0079	1	0.002556	36466
11_9836114_A_T	T	0.192	0.018	0.0095	1	0.06565	36466
12_26299270_C_G	G	0.31	0.003	0.0034	1	0.3912	36466
9_139269338_C_T	T	0.487	0.0044	0.0036	1	0.2295	36466
10_94190580_A_G	G	0.292	-0.0014	0.0037	1	0.7077	36466
10_94367230_A_G	G	0.392	0.0067	0.0033	1	0.04389	36466
10_112697241_C_T	T	0.212	-0.0034	0.0039	1	0.3812	36466
10_114781297_A_C	C	0.434	-0.0086	0.0033	1	0.008345	36466
11_72710761_T_C	C	0.363	0.0041	0.0033	1	0.2147	36466
1_29054752_T_G	G	0.46	-0.004	0.0033	1	0.2242	36466
9_22013411_G_T	T	0.492	-9e-4	0.0032	1	0.7863	36466
9_22128600_G_A	A	0.336	0.0048	0.0047	1	0.3058	36466
9_22134094_T_C	C	0.199	0.0085	0.0043	1	0.05108	36466
10_80927961_T_C	C	0.191	-0.0076	0.004	1	0.0566	36466
11_92681013_C_T	T	0.283	-0.029	0.0037	1	2.902e-15	36466
11_92694757_A_G	G	0.389	-0.028	0.0035	1	5.909e-16	36466
11_17394073_C_G	G	0.402	-0.0037	0.0033	1	0.2577	36466
11_43822885_A_G	G	0.191	-0.0046	0.0038	1	0.2255	36466
12_27965150_C_T	T	0.199	0.0016	0.0044	1	0.7219	36466
12_27967385_A_T	T	0.263	-0.0026	0.0045	1	0.5647	36466
12_4033222_G_C	C	0.225	-0.0016	0.0042	1	0.7064	36466
16_53804965_T_C	C	0.438	0.0074	0.0034	1	0.02907	36466
18_57851763_A_G	G	0.27	0.0088	0.0041	1	0.03146	36466
1_93421930_A_G	G	0.458	0.0014	0.0032	1	0.6688	36466
12_66347870_A_C	C	0.221	0.01	0.0078	1	0.2021	36466
10_94117786_C_T	T	0.433	-0.0014	0.0033	1	0.6722	36466
10_94374377_C_T	T	0.438	0.007	0.0033	1	0.03475	36466
10_94387676_T_A	A	0.405	0.0066	0.0033	1	0.04533	36466
10_94394402_T_G	G	0.356	0.0068	0.0034	1	0.04688	36466
10_94460687_C_G	G	0.467	0.0027	0.0033	1	0.4049	36466
10_94466495_G_C	C	0.441	0.0046	0.0033	1	0.1607	36466
10_114761697_A_C	C	0.415	-0.01	0.0033	1	0.001971	36466
10_114777724_A_G	G	0.417	-0.0089	0.0033	1	0.006705	36466
10_114808072_T_C	C	0.425	-0.0077	0.0033	1	0.01937	36466
1_177809560_G_C	C	0.252	0.0056	0.0053	1	0.2943	36466
1_29073292_A_G	G	0.408	-0.0026	0.0033	1	0.4338	36466
1_20733236_C_G	G	0.402	0.0092	0.0035	1	0.008271	36466
1_120489057_A_T	T	0.144	0.0043	0.0051	1	0.3956	36466
2_227184631_C_T	T	0.358	0.0031	0.0037	1	0.3954	36466
3_123130684_C_T	T	0.25	0.011	0.0044	1	0.009068	36466
4_6295087_T_A	A	0.25	-0.0033	0.0033	1	0.3252	36466
4_6295217_T_C	C	0.263	-0.0033	0.0034	1	0.3283	36466
4_6295322_C_G	G	0.25	-0.0046	0.0036	1	0.2006	36466
4_6295451_A_G	G	0.267	-0.003	0.0034	1	0.3636	36466
4_6306763_G_C	C	0.283	-0.0033	0.0035	1	0.3438	36466
5_54873285_C_T	T	0.288	-0.0068	0.0035	1	0.05359	36466
6_20601693_A_G	G	0.291	-0.0026	0.0036	1	0.4701	36466
6_20661034_A_C	C	0.336	-0.0067	0.0034	1	0.05067	36466
6_20717404_A_G	G	0.165	-0.016	0.0042	1	1.565e-4	36466
6_20753441_C_T	T	0.367	0.0049	0.0037	1	0.1853	36466
6_20758760_A_G	G	0.456	0.0064	0.0033	1	0.05416	36466
7_14887734_G_A	A	0.5	0.0028	0.0033	1	0.4	36466
7_15057829_G_A	A	0.492	0.02	0.0034	1	6.325e-9	36466
9_19080352_A_G	G	0.35	-0.0034	0.0034	1	0.3151	36466
9_22029445_G_A	A	0.491	0	0.0032	1	0.9957	36466
9_22067276_T_A	A	0.416	0.0042	0.0034	1	0.2175	36466
9_22130065_A_G	G	0.128	0.009	0.0056	1	0.106	36466
9_22130515_G_A	A	0.121	0.0093	0.0056	1	0.09638	36466
9_22133284_G_A	A	0.195	0.0076	0.0045	1	0.08855	36466
9_4291928_A_C	C	0.392	-0.014	0.0035	1	4.711e-5	36466
11_92667730_G_C	C	0.341	-0.027	0.0036	1	1.988e-13	36466
11_92690661_T_C	C	0.286	-0.03	0.0038	1	2.648e-15	36466
11_93061244_G_C	C	0.38	0.0017	0.0034	1	0.6207	36466
11_49448818_C_T	T	0.07	-0.004	0.0063	1	0.523	36466
11_49502848_T_C	C	0.06	-0.0043	0.0066	1	0.5215	36466
11_2107107_G_A	A	0.164	-0.002	0.0048	1	0.6796	36466
11_2204288_G_T	T	0.408	-3e-4	0.004	1	0.9354	36466
12_27922074_T_C	C	0.157	0.0016	0.0039	1	0.6806	36466
12_4374373_A_G	G	0.186	-0.0077	0.0045	1	0.08304	36466
6_7288544_A_C	C	0.385	-7e-4	0.0061	1	0.9147	36466
15_63922474_T_C	C	0.367	-0.0012	0.0033	1	0.7269	36466
16_69909115_G_A	A	0.472	-0.003	0.0033	1	0.3609	36466
16_53805207_C_A	A	0.483	0.007	0.0034	1	0.03789	36466
16_53815161_T_G	G	0.425	0.0068	0.0033	1	0.03792	36466
16_53819877_C_T	T	0.407	0.0074	0.0033	1	0.02436	36466
16_53819893_A_G	G	0.448	0.0075	0.0033	1	0.02416	36466
19_46157463_G_A	A	0.133	-0.003	0.0056	1	0.591	36466
10_81043372_G_C	C	0.5	0.0023	0.0035	1	0.513	36466
1_219622072_T_A	A	0.458	0.0084	0.0033	1	0.01156	36466
2_100750750_A_C	C	0.267	-0.0031	0.0039	1	0.4203	36466
3_15873407_A_G	G	0.416	-0.01	0.0034	1	0.002419	36466
3_47181661_C_A	A	0.465	0.0017	0.0033	1	0.61240000000000006	36466
3_50003246_C_T	T	0.431	0.0062	0.0032	1	0.05726	36466
9_81342657_A_T	T	0.358	0.001	0.0034	1	0.7625	36466
18_57852948_A_C	C	0.283	0.0098	0.0041	1	0.01643	36466
14_69502145_G_A	A	0.332	0.0054	0.0035	1	0.1195	36466
10_93961517_T_C	C	0.279	-0.0061	0.0036	1	0.09266	36466
10_94214580_A_G	G	0.356	0.0075	0.0034	1	0.02739	36466
10_94257976_C_T	T	0.259	-0.0068	0.0039	1	0.07914	36466
10_94262359_T_A	A	0.35	0.0077	0.0034	1	0.02297	36466
10_94308253_T_C	C	0.288	-0.0094	0.0037	1	0.01019	36466
10_94340705_C_G	G	0.356	0.0076	0.0034	1	0.02583	36466
10_94368178_G_A	A	0.212	0.0067	0.0042	1	0.1046	36466
10_94406237_A_T	T	0.353	0.0069	0.0034	1	0.04405	36466
10_114734096_A_G	G	0.276	-0.019	0.0045	1	2.016e-5	36466
10_114749018_G_A	A	0.075	0.004	0.008	1	0.6214	36466
10_114801938_C_G	G	0.408	-0.009	0.0033	1	0.0061	36466
10_114803307_A_T	T	0.051	-0.011	0.0082	1	0.1797	36466
10_114807047_G_C	C	0.42	-0.008	0.0033	1	0.01459	36466
10_114811316_T_C	C	0.425	-0.008	0.0033	1	0.0139	36466
10_114821249_T_C	C	0.42	-0.0079	0.0033	1	0.01738	36466
10_114821554_C_T	T	0.433	-0.0079	0.0033	1	0.01628	36466
1_39620957_A_C	C	0.258	-0.0028	0.0037	1	0.4521	36466
1_72883303_A_G	G	0.178	0.0044	0.0043	1	0.3064	36466
16_53809247_G_A	A	0.482	0.007	0.0034	1	0.03678	36466
2_25675712_A_G	G	0.237	-0.0054	0.0037	1	0.1468	36466
6_7275926_A_G	G	0.385	0.0079	0.0034	1	0.01882	36466
8_11411005_G_C	C	0.482	0.0089	0.0037	1	0.01707	36466
10_12307894_C_T	T	0.265	-0.0091	0.0041	1	0.02463	36466
10_13536073_C_A	A	0.381	-0.0018	0.0034	1	0.5974	36466
15_84580582_A_C	C	0.496	0.0025	0.0033	1	0.4432	36466
2_165528624_G_T	T	0.438	-0.0073	0.0034	1	0.02953	36466
10_98981643_T_C	C	0.242	0.0045	0.0035	1	0.1951	36466
7_15059272_A_C	C	0.5	-0.021	0.0035	1	1.932e-9	36466
11_92679778_C_T	T	0.339	-0.028	0.0035	1	6.785e-16	36466
8_118185733_A_G	G	0.252	0.017	0.0036	1	1.409e-6	36466
11_72727840_A_G	G	0.15	0.011	0.0039	1	0.004463	36466
11_72615069_C_G	G	0.125	0.012	0.004	1	0.002539	36466
11_2825871_C_T	T	0.035	0.034	0.011	1	0.001519	36466
11_72432985_G_A	A	0.129	0.016	0.0042	1	1.379e-4	36466
11_49684925_C_T	T	0.067	-6e-4	0.0061	1	0.9235	36466
10_104909890_A_G	G	0.212	5e-4	0.0039	1	0.8947	36466
15_77747276_A_G	G	0.308	-0.0037	0.0035	1	0.2899	36466
15_77403228_G_A	A	0.376	-0.0086	0.0034	1	0.01159	36466
16_53845487_C_A	A	0.45	0.0094	0.0035	1	0.007529	36466
18_57767635_T_C	C	0.199	0.01	0.0045	1	0.02513	36466
18_57876227_T_C	C	0.279	0.009	0.0039	1	0.02055	36466
18_57876034_C_T	T	0.279	0.0083	0.0039	1	0.03168	36466
19_46172278_G_A	A	0.084	-0.0072	0.0061	1	0.2379	36466
2_27558252_A_G	G	0.447	0.0013	0.0035	1	0.6994	36466
2_226965347_G_T	T	0.225	5e-4	0.0038	1	0.9055	36466
12_121416650_A_C	C	0.283	-0.0056	0.0035	1	0.111	36466
21_47764477_T_C	C	0.27	-0.0014	0.0039	1	0.7136	36466
3_185544309_G_A	A	0.447	-0.011	0.0034	1	0.001539	36466
3_185497293_C_T	T	0.248	-0.011	0.0037	1	0.002048	36466
3_123065778_A_G	G	0.226	0.016	0.0043	1	1.769e-4	36466
3_47198826_G_A	A	0.45	0.0017	0.0033	1	0.6083	36466
3_123066010_A_G	G	0.458	0.013	0.0033	1	7.634e-5	36466
3_12188495_A_G	G	0.05	-0.0049	0.0065	1	0.4519	36466
3_12336507_G_A	A	0.097	-0.0071	0.0047	1	0.1332	36466
3_185526690_T_A	A	0.29	-0.011	0.0035	1	0.001889	36466
3_136182053_C_T	T	0.23	0.0066	0.0039	1	0.08803	36466
3_185506003_T_C	C	0.259	-0.012	0.0038	1	0.00241	36466
3_12267084_G_T	T	0.033	-0.008	0.0071	1	0.2598	36466
6_76340662_G_T	T	0.342	-5e-4	0.0035	1	0.8744	36466
6_41082688_G_A	A	0.167	0.0042	0.004	1	0.2991	36466
7_14923907_A_T	T	0.11	-0.013	0.0047	1	0.003873	36466
7_14877519_G_C	C	0.033	-0.011	0.0057	1	0.05139	36466
8_118220270_T_C	C	0.233	0.016	0.0042	1	1.308e-4	36466
11_118949083_G_A	A	0.371	0.002	0.0034	1	0.5666	36466
8_11020313_G_T	T	0.392	0.0095	0.0035	1	0.007332	36466
7_157038803_A_G	G	0.376	-0.0026	0.0035	1	0.4547	36466
7_157058557_G_A	A	0.376	0.0032	0.0065	1	0.6257	36466
15_91530158_T_C	C	0.183	-0.0025	0.0038	1	0.504	36466
15_77896786_G_A	A	0.325	7e-4	0.0034	1	0.8416	36466
15_77596725_C_T	T	0.23	-0.0052	0.0036	1	0.151	36466
18_58049192_A_C	C	0.018	-0.0042	0.0092	1	0.6475	36466
19_46304400_G_A	A	0.383	0.0065	0.0035	1	0.06462	36466
2_43848550_A_T	T	0.047	0.016	0.0053	1	0.002133	36466
2_43849406_A_C	C	0.096	0.017	0.0053	1	0.001822	36466
2_43850031_A_G	G	0.1	0.017	0.0053	1	0.001896	36466
2_43618819_C_T	T	0.067	0.024	0.006	1	6.983e-5	36466
2_43850357_G_C	C	0.102	0.017	0.0053	1	0.00165	36466
2_43848664_T_C	C	0.138	0.016	0.0053	1	0.001875	36466
3_12210132_C_T	T	0.008	0.021	0.01	1	0.03875	36466
4_153291513_C_T	T	0.25	0.0018	0.0036	1	0.6223	36466
4_20116918_C_T	T	0.217	0.0038	0.0049	1	0.4348	36466
4_20158619_A_T	T	0.2	0.0028	0.0048	1	0.564	36466
6_20534974_T_C	C	0.08	-0.014	0.0083	1	0.08881	36466
6_20602797_A_G	G	0.308	-0.0033	0.0034	1	0.3325	36466
6_20647962_T_A	A	0.46	0.0059	0.0033	1	0.07472	36466
6_20841480_T_C	C	0.058	-0.0097	0.0057	1	0.08788	36466
7_130433594_C_G	G	0.267	0.0016	0.0036	1	0.6548	36466
7_14882428_G_A	A	0.164	-0.011	0.0046	1	0.01149	36466
9_3281518_T_C	C	0.112	0.0046	0.0051	1	0.3733	36466
1_205134987_T_C	C	0.267	-0.0038	0.0037	1	0.3051	36466
1_51246155_C_T	T	0.084	0.0064	0.006	1	0.2867	36466
2_43678759_C_G	G	0.079	0.025	0.0059	1	2.561e-5	36466
2_43676433_T_G	G	0.079	0.025	0.0059	1	2.976e-5	36466
6_20724558_T_G	G	0.201	-0.014	0.004	1	5.089e-4	36466
7_102482527_T_C	C	0.173	0.0038	0.0042	1	0.3607	36466
14_79681303_A_G	G	0.2	0.0036	0.0071	1	0.6137	36466
16_53842908_G_A	A	0.45	0.0086	0.0034	1	0.01031	36466
13_80707429_A_G	G	0.274	0.0083	0.0036	1	0.02205	36466
6_20764317_A_G	G	0.466	0.0064	0.0033	1	0.05316	36466
6_20800635_G_C	C	0.233	0.0064	0.0041	1	0.1145	36466
9_19029137_T_C	C	0.4	-0.0047	0.0034	1	0.164	36466
10_114820191_T_C	C	0.097	-0.0044	0.0064	1	0.4957	36466
10_114808902_G_T	T	0.248	-0.017	0.0039	1	1.063e-5	36466
10_114810240_T_C	C	0.425	-0.0082	0.0033	1	0.01159	36466
10_114764959_C_G	G	0.043	-0.013	0.0084	1	0.1214	36466
11_47886541_T_G	G	0.034	0.0068	0.0075	1	0.3616	36466
11_34951606_T_C	C	0.113	-0.01	0.0053	1	0.05906	36466
12_132473372_C_G	G	0.138	-0.013	0.0099	1	0.1918	36466
12_4406281_A_G	G	0.491	-0.0015	0.0036	1	0.6777	36466
2_165540800_T_C	C	0.147	-0.013	0.0051	1	0.01059	36466
9_125808861_C_A	A	0.15	-0.0085	0.0048	1	0.07595	36466
9_4262516_G_A	A	0.223	0.008	0.004	1	0.04512	36466
1_29047110_C_T	T	0.465	-0.003	0.0033	1	0.3558	36466
2_43815945_A_G	G	0.1	0.015	0.0053	1	0.003323	36466
2_67900067_C_A	A	0.321	-0.0071	0.0038	1	0.06218	36466
2_43812317_G_A	A	0.142	0.015	0.0054	1	0.004787	36466
2_161194255_C_T	T	0.208	0.0014	0.0041	1	0.7356	36466
3_12177661_A_G	G	0.008	0.021	0.01	1	0.03813	36466
3_170561907_C_T	T	0.177	0.0074	0.0039	1	0.0554	36466
4_104095505_T_G	G	0.392	0.0037	0.0033	1	0.2626	36466
10_81010850_T_G	G	0.336	0.0037	0.0039	1	0.3445	36466
4_104011241_T_A	A	0.178	0.003	0.004	1	0.4478	36466
6_20671282_A_G	G	0.042	-0.015	0.0068	1	0.03351	36466
8_41506380_A_G	G	0.384	-0.0092	0.0034	1	0.00638	36466
10_80942631_A_G	G	0.469	-0.0012	0.0033	1	0.7191	36466
11_14789037_G_A	A	0.093	-0.011	0.0057	1	0.06611	36466
15_38844106_G_A	A	0.314	-0.0052	0.0038	1	0.1638	36466
17_4191323_T_C	C	0.292	0.0037	0.0035	1	0.2827	36466
17_76773638_T_C	C	0.5	-0.0052	0.0033	1	0.1158	36466
19_19841752_C_T	T	0.053	0.0074	0.0094	1	0.4319	36466
19_47611128_A_G	G	0.325	0.0011	0.0036	1	0.7596	36466
19_19721722_G_A	A	0.102	0.0031	0.0064	1	0.6298	36466
19_19721976_C_T	T	0.083	0.0024	0.0073	1	0.7411	36466
2_59627114_T_G	G	0.449	6e-4	0.0036	1	0.8632	36466
6_127032499_G_A	A	0.424	0.0021	0.0033	1	0.5202	36466
3_94033744_G_T	T	0.434	-0.0036	0.0033	1	0.2744	36466
3_185469678_A_G	G	0.422	-0.0084	0.0036	1	0.02008	36466
4_157680199_C_T	T	0.388	-0.0073	0.0035	1	0.03919	36466
4_6301058_G_A	A	0.237	-0.0037	0.0036	1	0.3041	36466
4_6294759_G_A	A	0.267	-0.0033	0.0033	1	0.3193	36466
6_31113113_C_A	A	0.042	1e-4	0.0056	1	0.9819	36466
15_91458485_G_A	A	0.272	-1e-4	0.0034	1	0.9709	36466
8_9481687_G_C	C	0.255	0.005	0.0034	1	0.1354	36466
8_72502883_C_T	T	0.042	0.0045	0.007	1	0.5233	36466
3_170707782_G_C	C	0.117	0.0062	0.0046	1	0.177	36466
16_89630311_G_A	A	0.122	-0.0061	0.0047	1	0.1956	36466
10_114813047_C_T	T	0.4	-0.0083	0.0033	1	0.01161	36466
1_111193250_C_T	T	0.167	-2e-4	0.0048	1	0.9731	36466
1_177811939_C_T	T	0.25	0.0024	0.0044	1	0.5819	36466
14_69467023_G_A	A	0.327	0.0063	0.0033	1	0.05702	36466
1_219762728_G_C	C	0.172	0.012	0.0044	1	0.00505	36466
10_114839716_G_A	A	0.265	1e-4	0.004	1	0.9862	36466
11_76453985_G_A	A	0.163	-0.0066	0.0043	1	0.1235	36466
12_123728702_G_A	A	0.146	0.001	0.0042	1	0.8117	36466
12_71518009_T_C	C	0.403	-0.0055	0.0061	1	0.3725	36466
12_123493123_A_G	G	0.237	-0.0029	0.004	1	0.4592	36466
12_121298644_C_T	T	0.448	-9e-4	0.0033	1	0.7712	36466
14_103874420_G_A	A	0.376	0.0016	0.0034	1	0.6428	36466
14_74977382_C_T	T	0.438	0.0079	0.0064	1	0.2138	36466
15_91544076_A_G	G	0.252	0.0011	0.0036	1	0.7638	36466
11_2734125_G_A	A	0.415	-0.0097	0.0035	1	0.006031	36466
15_77817288_T_C	C	0.33	-0.0048	0.0036	1	0.1842	36466
15_77807175_G_C	C	0.342	-0.0048	0.0035	1	0.1684	36466
17_4063734_A_G	G	0.133	-4e-4	0.0043	1	0.9341	36466
17_66421260_G_C	C	0.2	0.0022	0.004	1	0.5765	36466
18_57872989_A_G	G	0.324	0.0084	0.0039	1	0.03179	36466
18_57903604_T_C	C	0.282	0.0079	0.0039	1	0.04524	36466
18_57911330_A_G	G	0.314	0.0085	0.0039	1	0.02868	36466
18_57859563_C_A	A	0.279	0.0085	0.004	1	0.03174	36466
18_57884750_G_A	A	0.279	0.0073	0.0039	1	0.06295	36466
2_202970250_C_T	T	0.491	0.0036	0.0033	1	0.2656	36466
2_60579624_C_T	T	0.434	-7e-4	0.0033	1	0.8237	36466
20_51036404_C_T	T	0.198	-0.012	0.0042	1	0.005262	36466
5_101978990_G_A	A	0.348	0.0027	0.0033	1	0.4201	36466
3_185525199_A_G	G	0.241	-0.012	0.0037	1	0.001565	36466
3_12369401_C_T	T	0.097	-0.0068	0.0047	1	0.1436	36466
3_12217797_C_T	T	0.05	-0.0049	0.0066	1	0.4592	36466
3_12275447_G_A	A	0.042	-0.0086	0.0064	1	0.181	36466
3_12289800_A_G	G	0.042	-0.0085	0.0063	1	0.1766	36466
3_12365308_G_T	T	0.097	-0.0069	0.0047	1	0.1418	36466
3_12301360_G_T	T	0.066	-0.0079	0.0064	1	0.2116	36466
3_141069782_G_A	A	0.111	-0.023	0.0098	1	0.02045	36466
3_86925437_T_C	C	0.385	-7e-4	0.0034	1	0.8405	36466
4_6293446_T_C	C	0.208	-0.0031	0.0034	1	0.3568	36466
4_6294544_A_G	G	0.267	-0.0034	0.0033	1	0.3125	36466
4_6294630_A_G	G	0.24	-0.0034	0.0033	1	0.313	36466
5_51838397_A_G	G	0.422	0.0015	0.0032	1	0.6326	36466
5_55861359_G_A	A	0.172	0.0034	0.0043	1	0.4231	36466
10_12245520_G_A	A	0.265	-0.007	0.0041	1	0.08836	36466
10_12245314_T_G	G	0.442	0.0055	0.0034	1	0.1016	36466
6_20658218_C_T	T	0.2	0.0022	0.0041	1	0.5923	36466
6_20630397_G_A	A	0.212	9e-4	0.0041	1	0.8335	36466
6_20678544_C_G	G	0.051	-0.016	0.0086	1	0.05604	36466
6_20661021_G_A	A	0.2	0.0021	0.0041	1	0.6112	36466
6_20539341_C_T	T	0.067	-0.014	0.0083	1	0.09517	36466
6_20540617_A_G	G	0.08	-0.014	0.0084	1	0.09786	36466
6_20598303_G_A	A	0.08	-0.016	0.0085	1	0.05314	36466
6_7037637_G_A	A	0.433	0.0011	0.0033	1	0.742	36466
6_20574563_A_G	G	0.069	-0.014	0.0084	1	0.0873	36466
8_9799953_G_C	C	0.124	-0.0094	0.0047	1	0.04607	36466
8_104376291_T_C	C	0.254	0.0076	0.0039	1	0.04896	36466
8_118184783_C_T	T	0.239	0.016	0.0038	1	2.358e-5	36466
8_41578748_C_G	G	0.155	0.013	0.0049	1	0.00866	36466
3_23212575_C_A	A	0.042	0.0034	0.0053	1	0.5206	36466
9_22040765_C_T	T	0.375	0.0017	0.0033	1	0.598	36466
9_22065657_G_C	C	0.342	0.0035	0.0034	1	0.3014	36466
9_22136489_A_T	T	0.165	0.0084	0.0051	1	0.1015	36466
16_75295639_C_A	A	0.105	0.0053	0.0052	1	0.3079	36466
2_43493133_C_T	T	0.142	0.015	0.0054	1	0.005038	36466
2_165528876_C_T	T	0.44	-0.0073	0.0034	1	0.0297	36466
2_637830_A_G	G	0.146	0.0075	0.0043	1	0.08153	36466
2_43706350_C_G	G	0.083	0.025	0.0059	1	2.047e-5	36466
2_43501686_G_A	A	0.144	0.015	0.0054	1	0.005205	36466
2_43461119_C_T	T	0.142	0.015	0.0054	1	0.006699	36466
2_43495108_A_T	T	0.129	0.015	0.0054	1	0.00484	36466
2_43610027_C_T	T	0.115	0.022	0.0062	1	4.23e-4	36466
2_43701151_T_C	C	0.083	0.026	0.0059	1	1.592e-5	36466
2_43515483_G_C	C	0.102	0.015	0.0054	1	0.005499	36466
2_43567218_T_C	C	0.152	0.017	0.0055	1	0.001934	36466
2_43705265_A_G	G	0.124	0.025	0.0059	1	2.411e-5	36466
2_43468636_T_C	C	0.173	0.015	0.0054	1	0.006299	36466
2_227026864_T_A	A	0.358	-0.0069	0.0035	1	0.04898	36466
2_43494221_G_T	T	0.173	0.015	0.0054	1	0.005534	36466
2_43481013_G_A	A	0.173	0.015	0.0055	1	0.005761	36466
2_59089261_A_C	C	0.308	1e-4	0.0037	1	0.9745	36466
2_166597357_C_G	G	0.467	-4e-4	0.0033	1	0.9139	36466
8_116563879_A_C	C	0.333	9e-4	0.0033	1	0.7758	36466
2_43449385_C_T	T	0.142	0.015	0.0056	1	0.005541	36466
11_92673828_C_T	T	0.272	-0.029	0.0037	1	1.13e-14	36466
2_43736969_T_C	C	0.083	0.025	0.0059	1	3.593e-5	36466
22_41610391_G_A	A	0.322	-0.0055	0.0033	1	0.1021	36466
22_41610406_C_G	G	0.316	-0.0055	0.0033	1	0.1021	36466
22_41628902_G_T	T	0.317	-0.0051	0.0034	1	0.1363	36466
2_227125416_T_A	A	0.363	0.0066	0.0034	1	0.05108	36466
2_227083411_A_G	G	0.363	0.0063	0.0034	1	0.06367	36466
3_183642751_A_G	G	0.482	-0.0012	0.0033	1	0.7133	36466
9_22043926_A_G	G	0.427	-0.0033	0.0033	1	0.3249	36466
16_53800954_T_C	C	0.46	0.0079	0.0034	1	0.01974	36466
3_71569678_G_T	T	0.367	-0.004	0.0033	1	0.2297	36466
5_44859172_C_G	G	0.342	-0.0012	0.0034	1	0.7276	36466
5_44706931_G_A	A	0.383	0.0011	0.0034	1	0.7533	36466
7_130466091_A_G	G	0.42	0.0033	0.0035	1	0.3397	36466
8_41272607_A_T	T	0.127	0.0022	0.0052	1	0.6706	36466
11_92718163_A_G	G	0.496	-0.027	0.0033	1	1.048e-16	36466
11_92722761_G_A	A	0.496	-0.026	0.0033	1	2.821e-15	36466
3_123084379_G_A	A	0.456	0.013	0.0032	1	2.941e-5	36466
18_57861961_G_A	A	0.308	0.0084	0.0039	1	0.03359	36466
3_185529174_T_A	A	0.293	-0.017	0.0065	1	0.00752	36466
3_185529327_A_G	G	0.241	-0.011	0.0037	1	0.001804	36466
4_95036553_T_A	A	0.491	-0.0014	0.0033	1	0.6804	36466
16_53808258_A_G	G	0.341	0.0057	0.0035	1	0.09985	36466
5_74524837_A_G	G	0.375	-0.0023	0.0034	1	0.4966	36466
4_103977938_T_A	A	0.389	0.0016	0.0033	1	0.638	36466
9_84305732_T_G	G	0.314	9e-4	0.0039	1	0.8136	36466
12_71577582_T_C	C	0.482	0.0032	0.0033	1	0.3423	36466
3_23454790_A_G	G	0.217	0.0088	0.0038	1	0.01934	36466
4_185615764_C_A	A	0.186	-0.0016	0.0044	1	0.7265	36466
2_147852955_T_C	C	0.15	7e-4	0.0045	1	0.8738	36466
8_8696449_T_G	G	0.397	-0.0065	0.0033	1	0.04942	36466
12_71568348_T_G	G	0.474	0.0031	0.0033	1	0.3549	36466
2_227073854_C_T	T	0.332	0.0072	0.0035	1	0.03805	36466
2_227128899_G_A	A	0.367	0.0063	0.0034	1	0.05994	36466
2_227128917_C_A	A	0.375	0.0065	0.0034	1	0.05375	36466
2_227098387_A_G	G	0.478	0.0082	0.0033	1	0.01362	36466
6_126964026_G_T	T	0.451	-0.0013	0.0033	1	0.6946	36466
4_157651817_G_T	T	0.4	-0.007	0.0035	1	0.04748	36466
9_22036367_C_T	T	0.367	0.0021	0.0034	1	0.5385	36466
16_53803574_T_A	A	0.45	0.0078	0.0034	1	0.02059	36466
3_12285405_G_A	A	0.029	-0.0087	0.0064	1	0.1751	36466
15_84572229_C_G	G	0.32	0.0062	0.0035	1	0.07185	36466
15_77657682_C_T	T	0.228	-0.0049	0.0036	1	0.1769	36466
7_142623579_T_C	C	0.038	-0.0021	0.0057	1	0.7193	36466
11_34909926_T_G	G	0.267	0.0051	0.0035	1	0.1436	36466
11_92721319_G_A	A	0.496	-0.026	0.0033	1	5.671e-15	36466
8_11345644_A_G	G	0.45	0.0082	0.0034	1	0.01558	36466
6_7034675_A_T	T	0.19	0.006	0.0042	1	0.155	36466
11_2847069_T_G	G	0.438	-0.0086	0.0035	1	0.01552	36466
7_28189411_T_C	C	0.491	0.0042	0.0033	1	0.2008	36466
2_158283430_C_T	T	0.051	0	0.0075	1	0.9953	36466
3_185488882_G_A	A	0.23	-0.011	0.0039	1	0.003455	36466
6_51417405_A_G	G	0.031	0.02	0.012	1	0.09457	36466
5_53300748_C_T	T	0.168	0.0038	0.0047	1	0.4187	36466
6_20559611_A_G	G	0.08	-0.014	0.0083	1	0.09129	36466
6_20655503_A_G	G	0.226	0.0024	0.0041	1	0.5544	36466
6_20656945_T_C	C	0.195	0.0022	0.0041	1	0.5834	36466
8_41318439_T_C	C	0.124	-7e-4	0.0048	1	0.8883	36466
5_53285656_A_G	G	0.293	0.0037	0.0034	1	0.2758	36466
15_77734261_G_A	A	0.317	-0.007	0.0035	1	0.04672	36466
18_36354957_G_A	A	0.067	4e-4	0.0071	1	0.9553	36466
18_36607366_G_T	T	0.146	-0.0013	0.006	1	0.8242	36466
18_40083853_G_A	A	0.186	0.001	0.0039	1	0.7928	36466
22_30552813_A_G	G	0.04	-0.0054	0.0061	1	0.3748	36466
19_19658472_G_T	T	0.095	0.0037	0.0063	1	0.5648	36466
2_27451099_C_T	T	0.212	-0.0066	0.0039	1	0.08928	36466
3_23235424_A_G	G	0.08	0.0024	0.0054	1	0.6606	36466
3_23523106_G_T	T	0.025	-0.0054	0.01	1	0.6051	36466
2_43670183_C_T	T	0.124	0.025	0.006	1	4.485e-5	36466
2_43686245_C_G	G	0.125	0.025	0.006	1	2.523e-5	36466
2_43689364_C_A	A	0.085	0.026	0.0059	1	1.598e-5	36466
2_43704092_A_G	G	0.083	0.025	0.0059	1	1.729e-5	36466
2_43713808_A_C	C	0.091	0.023	0.0059	1	1.312e-4	36466
2_43733509_G_T	T	0.131	0.025	0.0059	1	3.217e-5	36466
2_43748983_G_A	A	0.124	0.025	0.006	1	3.555e-5	36466
2_43751480_T_C	C	0.133	0.024	0.0059	1	4.085e-5	36466
2_43761299_A_G	G	0.124	0.024	0.006	1	7.236e-5	36466
2_43764442_T_C	C	0.133	0.024	0.0059	1	6.337e-5	36466
2_43804933_A_C	C	0.109	0.015	0.0053	1	0.005146	36466
2_43807090_T_C	C	0.138	0.014	0.0053	1	0.006609	36466
2_43809248_T_G	G	0.142	0.015	0.0053	1	0.00395	36466
2_43819139_A_G,T	G	0.142	0.016	0.0054	1	0.003395	36466
2_43833013_A_G	G	0.1	0.016	0.0053	1	0.002564	36466
2_43844833_G_A	A	0.137	0.016	0.0052	1	0.002251	36466
2_43847646_G_A	A	0.108	0.015	0.0051	1	0.004007	36466
3_12288288_G_A	A	0.042	-0.0086	0.0063	1	0.1765	36466
3_12390484_T_C	C	0.097	-0.0069	0.0046	1	0.1376	36466
3_63924956_A_G	G	0.146	0.0055	0.0046	1	0.2341	36466
7_28189946_A_G	G	0.325	0.0022	0.0036	1	0.5358	36466
14_25944306_C_A	A	0.314	-0.0027	0.0036	1	0.4474	36466
1_50909985_G_A	A	0.088	0.0082	0.006	1	0.1701	36466
5_102305065_C_A	A	0.283	0.0055	0.0035	1	0.1156	36466
12_123651966_G_C	C	0.243	2e-4	0.004	1	0.9684	36466
7_14874799_A_G	G	0.097	-0.012	0.0065	1	0.0593	36466
7_14898282_C_T	T	0.173	-0.013	0.0043	1	0.00299	36466
16_86447166_G_T	T	0.491	-0.0054	0.0033	1	0.1009	36466
19_19662220_C_T	T	0.083	0.0035	0.0063	1	0.5832	36466
11_72629946_A_G	G	0.15	0.011	0.0039	1	0.003357	36466
20_39832628_T_C	C	0.174	-0.0049	0.0042	1	0.2439	36466
12_123632930_G_A	A	0.261	6e-4	0.0038	1	0.8776	36466
11_26282112_C_T	T	0.029	0.0068	0.0067	1	0.3109	36466
2_43546624_T_C	C	0.129	0.017	0.0055	1	0.002136	36466
2_43707385_C_T	T	0.115	0.022	0.0063	1	5.069e-4	36466
3_123131254_C_T	T	0.257	0.011	0.0043	1	0.01037	36466
15_77469019_A_G	G	0.388	-0.0075	0.0034	1	0.02728	36466
2_43557484_C_G	G	0.117	0.016	0.0054	1	0.002578	36466
6_76376552_G_A	A	0.342	-5e-4	0.0035	1	0.8778	36466
6_32066177_T_C	C	0.35	0.0042	0.0034	1	0.2213	36466
10_94305189_A_G	G	0.308	-0.0094	0.0036	1	0.009286	36466
13_50737023_G_A	A	0.341	0.0022	0.0034	1	0.5126	36466
14_33302882_G_T	T	0.477	9e-4	0.0035	1	0.8033	36466
5_74984818_A_T	T	0.308	-3e-4	0.0036	1	0.9367	36466
19_21608110_C_T	T	0.292	-0.0078	0.0039	1	0.04317	36466
8_8593880_T_A	A	0.15	-0.0014	0.0044	1	0.7548	36466
5_75006156_T_C	C	0.195	-0.0032	0.004	1	0.4307	36466
15_38900312_C_A	A	0.271	-0.0043	0.0041	1	0.2926	36466
17_76696986_G_A	A	0.473	-0.0053	0.0033	1	0.114	36466
3_64730121_T_C	C	0.467	0.0016	0.0034	1	0.6321	36466
17_9794415_C_T	T	0.383	0.0021	0.0035	1	0.553	36466
18_54675384_G_C	C	0.237	0.003	0.0038	1	0.4309	36466
10_114797471_C_G	G	0.175	0.0097	0.0067	1	0.1515	36466
19_19819843_A_G	G	0.053	0.0069	0.0094	1	0.4641	36466
14_89550378_C_T	T	0.068	-0.013	0.0084	1	0.1198	36466
3_64714182_G_A	A	0.451	0.0013	0.0034	1	0.711	36466
8_9713196_T_C	C	0.458	0.0072	0.0038	1	0.05987	36466
6_50268664_A_G	G	0.051	0.0058	0.0075	1	0.4455	36466
9_22053895_G_A	A	0.058	0.0066	0.0058	1	0.254	36466
16_75374029_T_A	A	0.102	0.0061	0.0059	1	0.3029	36466
8_10632496_G_A	A	0.265	0.0089	0.004	1	0.02564	36466
8_10676497_T_C	C	0.265	0.0084	0.004	1	0.03631	36466
8_11054097_C_A	A	0.458	0.0072	0.0034	1	0.03443	36466
9_81898980_A_G	G	0.075	-0.0011	0.0059	1	0.8565	36466
9_81905590_A_G	G	0.068	-0.0013	0.0059	1	0.8257	36466
16_53807764_A_G	G	0.46	0.0078	0.0034	1	0.02013	36466
16_53813367_T_G	G	0.46	0.0073	0.0033	1	0.02833	36466
16_53828066_C_T	T	0.442	0.0073	0.0033	1	0.02961	36466
4_6302707_C_T	T	0.332	-0.0091	0.0062	1	0.1418	36466
4_6302519_G_A	A	0.208	-0.007	0.0036	1	0.05172	36466
4_6303022_C_T	T	0.271	-0.0039	0.0035	1	0.2683	36466
3_12393125_C_G,A	G	0.097	-0.0062	0.0047	1	0.1806	36466
16_89985844_G_T	T	0.076	-0.0014	0.0068	1	0.8364	36466
15_41882383_A_C	C	0.464	2e-4	0.0034	1	0.9609	36466
11_84786132_C_T	T	0.239	-0.0029	0.0036	1	0.4108	36466
2_60577289_G_T	T	0.398	5e-4	0.0035	1	0.8941	36466
16_53804340_C_T	T	0.422	0.0073	0.0034	1	0.03041	36466
16_53848561_A_G	G	0.357	0.0078	0.0082	1	0.3405	36466
2_166557510_A_G	G	0.458	-5e-4	0.0033	1	0.8848	36466
8_10732905_A_G	G	0.257	-0.011	0.0043	1	0.009509	36466
15_91503871_T_G	G	0.225	-0.0022	0.0035	1	0.5295	36466
15_91563829_A_G	G	0.292	0.0023	0.0034	1	0.5045	36466
12_71405206_C_T	T	0.5	0.0052	0.0033	1	0.1181	36466
18_57787559_T_C	C	0.354	0.0082	0.0036	1	0.02375	36466
3_12394840_C_T	T	0.098	-0.0063	0.0047	1	0.1748	36466
8_9819173_A_G	G	0.305	0.0038	0.0035	1	0.2726	36466
6_127428080_T_C	C	0.322	0.0057	0.0036	1	0.1163	36466
6_127428118_T_C	C	0.317	0.0056	0.0036	1	0.122	36466
11_102966919_T_C	C	0.283	0.005	0.0038	1	0.1922	36466
18_57793209_C_T	T	0.354	0.008	0.0037	1	0.02899	36466
14_25941921_T_G	G	0.342	0.0022	0.0034	1	0.5173	36466
2_67908130_G_C	C	0.337	-0.0063	0.0038	1	0.09971	36466
4_185714289_G_T	T	0.153	0.0068	0.0049	1	0.1661	36466
6_20602380_A_G	G	0.4	-0.0045	0.0034	1	0.1825	36466
9_125973417_A_G	G	0.173	-0.0066	0.0045	1	0.1416	36466
6_31236998_C_T	T	0.198	-0.0016	0.0047	1	0.7367	36466
11_34895100_T_C	C	0.111	-0.0099	0.0052	1	0.0568	36466
15_91506452_T_C	C	0.335	-0.0014	0.0034	1	0.6904	36466
2_25766479_G_C	C	0.246	-3e-4	0.004	1	0.9498	36466
1_29159373_T_C	C	0.492	-6e-4	0.0033	1	0.8642	36466
8_116588326_C_A	A	0.333	0.001	0.0033	1	0.7659	36466
5_102004240_T_A	A	0.383	0.0027	0.0033	1	0.4197	36466
2_158345202_T_C	C	0.131	0.004	0.0056	1	0.4723	36466
17_37405657_T_G	G	0.265	2e-4	0.004	1	0.9549	36466
14_91931029_T_C	C	0.419	-0.014	0.006	1	0.01685	36466
2_27839539_T_C	C	0.234	-0.0026	0.0036	1	0.4649	36466
9_22009698_G_C	C	0.425	5e-4	0.0033	1	0.8713	36466
11_2825279_C_T	T	0.043	0.024	0.0079	1	0.002896	36466
1_214154719_G_T	T	0.31	0.013	0.0035	1	3.867e-4	36466
6_32363955_T_C	C	0.465	0.0095	0.0062	1	0.1242	36466
12_21839933_A_G	G	0.292	0.0074	0.0036	1	0.03999	36466
17_65828371_T_A	A	0.225	0.0054	0.0041	1	0.182	36466
15_64036953_G_C	C	0.316	7e-4	0.0033	1	0.819	36466
7_69782073_G_C	C	0.178	0.0016	0.0039	1	0.6742	36466
18_40743444_T_C	C	0.458	-0.0032	0.0033	1	0.3314	36466
8_10635297_T_C	C	0.351	0.0092	0.0033	1	0.005743	36466
3_12131687_C_T	T	0.075	-0.0042	0.0063	1	0.5118	36466
3_12413339_T_G	G	0.093	1e-4	0.0051	1	0.9877	36466
3_123093530_T_C	C	0.233	-0.014	0.004	1	3.696e-4	36466
17_65857177_C_T	T	0.23	0.0039	0.004	1	0.3279	36466
11_17193122_T_A	A	0.449	4e-4	0.0033	1	0.9142	36466
10_94232247_T_C	C	0.314	0.0074	0.0034	1	0.02868	36466
9_22033366_C_T	T	0.442	0.0028	0.0033	1	0.3989	36466
17_44163809_A_C	C	0.434	-0.0015	0.0035	1	0.6661	36466
11_92691532_T_C	C	0.389	-0.024	0.0034	1	2.448e-12	36466
11_47875910_T_C	C	0.456	7e-4	0.0033	1	0.8231	36466
5_137431501_C_T	T	0.447	0.0037	0.0032	1	0.2574	36466
4_17917781_A_C	C	0.342	0.0021	0.0036	1	0.5704	36466
2_227092802_A_G	G	0.392	0.0067	0.0034	1	0.04834	36466
2_227058625_C_T	T	0.355	0.0072	0.0035	1	0.03977	36466
9_22061562_C_A	A	0.333	0.0033	0.0034	1	0.3318	36466
18_63428445_A_G	G	0.333	-0.0064	0.0036	1	0.07585	36466
7_15035659_C_T	T	0.217	-0.014	0.0049	1	0.003655	36466
7_51017361_A_G	G	0.025	0.013	0.0092	1	0.1499	36466
3_12391583_G_A	A	0.097	-0.0068	0.0047	1	0.1443	36466
8_11339616_T_G	G	0.458	0.0082	0.0033	1	0.01463	36466
20_32709525_G_A	A	0.275	0.0022	0.0036	1	0.5338	36466
6_20625634_A_G	G	0.359	-9e-4	0.0036	1	0.7986	36466
6_20694884_C_T	T	0.165	-0.016	0.0042	1	1.41e-4	36466
14_80038474_T_G	G	0.417	-0.001	0.0034	1	0.7783	36466
7_15042474_A_C	C	0.358	0.011	0.0035	1	0.001119	36466
7_15062983_T_C	C	0.483	-0.021	0.0033	1	6.912e-11	36466
6_125995467_G_A	A	0.469	0.0037	0.0033	1	0.2645	36466
6_31778272_G_A	A	0.239	0.0024	0.0044	1	0.5832	36466
19_19329924_C_T	T	0.098	0.0053	0.0066	1	0.4259	36466
4_103742651_T_C	C	0.487	0.0051	0.0032	1	0.112	36466
11_2839751_C_T	T	0.075	0.02	0.0073	1	0.005778	36466
11_2858440_G_A	A	0.06	0.022	0.008	1	0.006978	36466
11_2858546_C_T	T	0.051	0.022	0.008	1	0.005935	36466
6_31114745_T_C	C	0.431	-8e-4	0.0033	1	0.8071	36466
8_11450422_A_G	G	0.49	-0.0099	0.0034	1	0.003198	36466
6_31481146_C_A	A	0.403	0.013	0.0065	1	0.04558	36466
4_52884239_G_A	A	0.403	0.003	0.0033	1	0.3704	36466
12_121435587_G_T	T	0.381	-0.005	0.0033	1	0.1342	36466
12_66212318_C_T	T	0.111	0.0029	0.0058	1	0.6093	36466
12_71532099_G_A	A	0.397	-0.0035	0.0034	1	0.2952	36466
12_117603161_T_C	C	0.217	-8e-4	0.004	1	0.8421	36466
3_49878113_T_C	C	0.46	0.0051	0.0033	1	0.1248	36466
14_103357603_G_T	T	0.201	0.001	0.0039	1	0.7929	36466
15_42119711_G_A	A	0.344	0.0057	0.0064	1	0.3702	36466
11_2737905_A_G	G	0.442	-0.0042	0.0036	1	0.2434	36466
11_2755601_T_C	C	0.341	0.0015	0.004	1	0.7009	36466
11_2849530_A_C	C	0.076	0.019	0.0072	1	0.008074	36466
6_32819517_T_C	C	0.168	-0.0018	0.0049	1	0.7128	36466
7_30714333_C_T	T	0.332	-0.0039	0.0034	1	0.2517	36466
13_110407906_T_C	C	0.283	-0.001	0.0036	1	0.7915	36466
15_91512067_G_A	A	0.177	-0.0035	0.004	1	0.3829	36466
2_27728777_C_G	G	0.406	5e-4	0.0033	1	0.877	36466
14_33294781_C_T	T	0.465	0.0019	0.0035	1	0.5838	36466
15_91525197_C_T	T	0.173	-0.004	0.0041	1	0.3216	36466
2_27715416_C_T	T	0.442	0	0.0033	1	0.9929	36466
19_19789528_A_G	G	0.102	0.007	0.0068	1	0.3034	36466
8_41583294_C_T	T	0.167	0.013	0.0049	1	0.007316	36466
11_2711142_T_C	C	0.483	-0.0033	0.0033	1	0.3208	36466
11_2706351_T_C	C	0.496	-0.0032	0.0033	1	0.3328	36466
11_2705175_A_G	G	0.482	-0.004	0.0033	1	0.222	36466
11_2694606_C_A	A	0.339	-0.007	0.0036	1	0.05434	36466
11_2691500_G_A	A	0.288	-0.0086	0.004	1	0.03228	36466
6_20631545_A_T	T	0.133	-0.0089	0.0041	1	0.02969	36466
6_20716958_G_A	A	0.15	-0.016	0.0041	1	8.953e-5	36466
6_20718240_A_T	T	0.097	-0.015	0.0045	1	9.501e-4	36466
11_2846427_G_A	A	0.267	0.0073	0.0038	1	0.05748	36466
3_21806230_A_G	G	0.294	-0.0088	0.0035	1	0.01209	36466
4_48797056_G_A	A	0.323	-4e-4	0.0034	1	0.9004	36466
14_80170870_A_G	G	0.265	0.0058	0.0037	1	0.1142	36466
3_64718258_G_C	C	0.188	-6e-4	0.0037	1	0.8678	36466
9_22132076_A_G	G	0.208	0.0076	0.0043	1	0.07961	36466
2_165820281_C_T	T	0.412	0.0022	0.0033	1	0.502	36466
6_43804808_G_C	C	0.265	0.0073	0.0038	1	0.05149	36466
15_77378440_A_T	T	0.317	-0.0071	0.0035	1	0.04094	36466
10_124167512_C_T	T	0.419	-0.0024	0.0033	1	0.4688	36466
10_94345909_G_A	A	0.386	0.0079	0.0033	1	0.01708	36466
10_94311815_G_A	A	0.4	0.0058	0.0033	1	0.075	36466
2_60586707_C_G	G	0.469	-5e-4	0.0033	1	0.8862	36466
2_60603950_G_A	A	0.427	6e-4	0.0034	1	0.8603	36466
2_60572671_C_T	T	0.458	-8e-4	0.0033	1	0.8208	36466
5_102514757_C_T	T	0.338	0.003	0.0034	1	0.3693	36466
15_53080413_C_T	T	0.124	-6e-4	0.005	1	0.8988	36466
15_53091896_A_C	C	0.27	0.0028	0.0041	1	0.497	36466
8_118221999_C_G	G	0.167	0.016	0.0048	1	5.747e-4	36466
8_118190393_A_G	G	0.398	0.017	0.0038	1	1.648e-5	36466
8_118185063_C_G	G	0.408	0.017	0.0037	1	2.675e-6	36466
8_118185041_C_T	T	0.429	0.012	0.0071	1	0.08638	36466
10_114615903_T_C	C	0.292	0.0035	0.0037	1	0.3408	36466
1_154311911_G_A	A	0.115	0.0082	0.0051	1	0.1126	36466
5_78337225_G_A	A	0.451	0.0015	0.0033	1	0.6457	36466
10_94490174_T_C	C	0.492	-0.0072	0.0033	1	0.02752	36466
10_94446041_G_A	A	0.467	-0.0027	0.0033	1	0.4102	36466
1_219749261_G_A	A	0.201	-0.012	0.0043	1	0.006728	36466
10_94492716_C_T	T	0.487	-0.0066	0.0033	1	0.04646	36466
10_94485211_A_C	C	0.464	-0.0071	0.0033	1	0.02987	36466
6_31443570_T_C	C	0.168	-0.0021	0.0048	1	0.657	36466
6_31068525_A_C	C	0.179	0.0085	0.0065	1	0.1899	36466
17_29705947_T_C	C	0.415	0.0014	0.0034	1	0.6804	36466
19_31887321_T_C	C	0.354	5e-4	0.0033	1	0.8704	36466
5_102694112_G_A	A	0.385	-0.0013	0.0034	1	0.693	36466
10_65392056_T_C	C	0.288	0.0015	0.004	1	0.7069	36466
5_59305181_G_A	A	0.175	-0.0024	0.004	1	0.5453	36466
12_66170481_A_C	C	0.062	0.0027	0.0062	1	0.6606	36466
9_125649014_T_A	A	0.161	0.0057	0.0045	1	0.2023	36466
5_101607603_G_A	A	0.237	0.0013	0.0037	1	0.723	36466
5_101605942_T_C	C	0.371	0.0032	0.0062	1	0.606	36466
11_93140782_T_C	C	0.492	0	0.0032	1	0.9882	36466
12_66192667_A_G	G	0.112	0.0011	0.0058	1	0.8552	36466
12_66183500_T_C	C	0.086	0.011	0.0097	1	0.2681	36466
1_72834503_A_G	G	0.15	0.0034	0.0044	1	0.4406	36466
3_50128893_A_G	G	0.46	-0.0055	0.0032	1	0.09111	36466
10_71462805_G_C	C	0.483	-0.004	0.0036	1	0.2597	36466
6_51491866_A_T	T	0.043	0.019	0.017	1	0.2447	36466
2_227141248_A_G	G	0.381	0.0068	0.0034	1	0.04394	36466
2_227151596_G_A	A	0.383	0.0056	0.0034	1	0.09411	36466
2_227159867_G_A	A	0.367	0.0058	0.0034	1	0.08798	36466
2_227159177_G_A	A	0.383	0.0047	0.0034	1	0.1692	36466
2_227174983_A_C	C	0.473	0.0022	0.0033	1	0.4962	36466
10_93731617_A_G	G	0.408	-0.0027	0.0033	1	0.426	36466
15_77870371_A_G	G	0.468	8e-4	0.0036	1	0.8252	36466
10_71513557_G_C	C	0.175	1e-4	0.004	1	0.9808	36466
2_227134516_A_G	G	0.473	0.003	0.0033	1	0.3648	36466
2_227137125_T_C	C	0.372	0.0064	0.0034	1	0.05818	36466
2_227141768_A_T	T	0.363	0.0064	0.0034	1	0.05839	36466
2_227149804_T_G	G	0.473	0.0026	0.0033	1	0.4221	36466
2_227157209_A_G	G	0.383	0.0056	0.0034	1	0.09779	36466
2_227181683_G_T	T	0.376	0.0055	0.0034	1	0.113	36466
2_227164504_C_G	G	0.383	0.0056	0.0034	1	0.09602	36466
6_7240577_A_T	T	0.402	-0.0058	0.0035	1	0.09247	36466
4_104032264_G_A	A	0.181	0.0042	0.0038	1	0.276	36466
17_3934101_A_G	G	0.348	-0.0051	0.0033	1	0.1285	36466
12_48736985_T_G,A	G	0.315	0.0033	0.0035	1	0.3478	36466
11_35016102_G_C	C	0.257	0.0035	0.0035	1	0.3171	36466
6_31497342_G_C	C	0.147	0.0098	0.0044	1	0.02549	36466
8_11228100_G_A	A	0.483	0.0086	0.0033	1	0.009519	36466
8_11347289_T_G	G	0.403	0.0084	0.0034	1	0.01251	36466
8_116603003_T_C	C	0.416	0.001	0.0034	1	0.7661	36466
12_61067713_T_A	A	0.217	0.0045	0.0045	1	0.3097	36466
12_61077670_G_A	A	0.208	0.0045	0.0044	1	0.2996	36466
12_61111659_A_G	G	0.212	0.0045	0.0047	1	0.3372	36466
20_51620658_A_G	G	0.465	0.0042	0.0033	1	0.1965	36466
6_127419834_A_C	C	0.3	0.0065	0.0036	1	0.07394	36466
14_25890220_T_G	G	0.491	0.0047	0.0032	1	0.1505	36466
1_6781571_C_T	T	0.19	-0.0033	0.0039	1	0.4009	36466
6_51501537_G_A	A	0.042	0.018	0.013	1	0.1622	36466
9_84308948_G_A	A	0.394	-0.0034	0.0037	1	0.3541	36466
6_127406036_A_C	C	0.319	0.0074	0.0037	1	0.0454	36466
1_26466189_T_C	C	0.225	0.0012	0.0043	1	0.783	36466
10_80961519_T_C	C	0.487	-0.0012	0.0035	1	0.7325	36466
1_64188151_T_C	C	0.332	0.0051	0.0036	1	0.162	36466
6_20758526_C_G	G	0.095	0.0058	0.0051	1	0.2557	36466
1_219748818_C_G	G	0.286	-0.011	0.0036	1	0.002299	36466
6_31572481_T_C	C	0.168	-2e-4	0.0052	1	0.9667	36466
2_614210_A_G	G	0.125	0.0088	0.0043	1	0.04164	36466
4_95004716_A_G	G	0.483	0	0.0033	1	0.9954	36466
2_607107_T_C	C	0.362	0.0016	0.0035	1	0.6548	36466
3_123094451_T_C	C	0.248	-0.013	0.0041	1	0.001478	36466
7_28170403_T_C	C	0.168	-0.0039	0.0041	1	0.3386	36466
2_152063932_C_T	T	0.323	-7e-4	0.0035	1	0.8388	36466
2_613290_T_G	G	0.35	0.0017	0.0034	1	0.6127	36466
10_114915214_G_T	T	0.425	-0.0075	0.0036	1	0.03687	36466
19_19475717_G_C	C	0.358	0.0093	0.0036	1	0.009138	36466
7_44159224_T_C	C	0.478	-0.0043	0.0069	1	0.5321	36466
1_235674379_C_T	T	0.434	5e-4	0.0034	1	0.8831	36466
19_19545990_T_C	C	0.371	-0.0087	0.0036	1	0.01475	36466
8_9077307_G_C	C	0.242	5e-4	0.0038	1	0.898	36466
8_9070002_T_C	C	0.333	0.001	0.0034	1	0.779	36466
2_227068080_A_C	C	0.345	0.0073	0.0035	1	0.0337	36466
2_227077377_C_T	T	0.358	0.0071	0.0035	1	0.04255	36466
2_227087284_G_A	A	0.482	0.0072	0.0033	1	0.02908	36466
2_227088577_A_C	C	0.491	0.0084	0.0033	1	0.01095	36466
2_227093585_A_C	C	0.372	0.007	0.0034	1	0.037	36466
2_227093745_T_C	C	0.367	0.0065	0.0034	1	0.05754	36466
2_227046342_T_C	C	0.475	0.0097	0.0033	1	0.00346	36466
2_227099180_C_T	T	0.372	0.0068	0.0034	1	0.04595	36466
2_227047414_G_T	T	0.35	0.0068	0.0035	1	0.05283	36466
2_227108446_C_T	T	0.4	0.0067	0.0034	1	0.0486	36466
2_227047771_C_T	T	0.344	0.0068	0.0035	1	0.04947	36466
2_227123584_A_G	G	0.372	0.0064	0.0034	1	0.05934	36466
2_227125254_G_A	A	0.28	0.0067	0.0034	1	0.0467	36466
2_227128543_T_G	G	0.377	0.0066	0.0034	1	0.04889	36466
2_613516_G_A	A	0.35	0.0017	0.0034	1	0.6113	36466
17_17964717_G_A	A	0.274	-0.0017	0.0034	1	0.6129	36466
2_227116365_A_G	G	0.371	0.0059	0.0034	1	0.08307	36466
2_227101411_A_G	G	0.367	0.0068	0.0034	1	0.04494	36466
2_227100698_G_T	T	0.404	0.0069	0.0034	1	0.03984	36466
2_227099854_T_C	C	0.372	0.0069	0.0034	1	0.0412	36466
8_8311321_A_C	C	0.422	-0.0027	0.0037	1	0.472	36466
9_3301887_G_A	A	0.111	0.0038	0.0053	1	0.4729	36466
9_3283313_T_G	G	0.121	0.0039	0.0052	1	0.4529	36466
11_93052265_G_T	T	0.447	-0.0041	0.0034	1	0.23	36466
3_12153214_G_C	C	0.085	-0.0066	0.0059	1	0.2622	36466
6_31471222_A_G	G	0.22	0.0045	0.0037	1	0.2283	36466
5_101932417_C_A	A	0.398	0.0025	0.0034	1	0.46	36466
6_32404377_A_C	C	0.195	0.0058	0.0048	1	0.2232	36466
6_32310396_A_G	G	0.308	0.0047	0.004	1	0.2484	36466
6_31213811_G_A	A	0.402	-0.0088	0.0061	1	0.1514	36466
6_31134888_T_C	C	0.341	0.0015	0.0036	1	0.6696	36466
6_31143582_A_C	C	0.393	-0.003	0.0034	1	0.378	36466
6_31243170_G_A	A	0.486	-7e-4	0.0033	1	0.8367	36466
4_6304878_C_T	T	0.289	-0.0082	0.0063	1	0.1963	36466
12_4399496_C_T	T	0.093	-0.001	0.006	1	0.8647	36466
5_102159787_G_A	A	0.327	2e-4	0.0034	1	0.9437	36466
1_120578116_T_C	C	0	-0.0078	0.0063	1	0.2172	36466
8_9087831_C_T	T	0.208	8e-4	0.0039	1	0.8331	36466
1_214163675_G_A	A	0.491	-0.011	0.0034	1	7.637e-4	36466
5_74964128_C_T	T	0.181	0.004	0.0041	1	0.3276	36466
5_102438291_A_G	G	0.277	0.0032	0.0035	1	0.3537	36466
2_165629214_A_G	G	0.208	-0.0018	0.0041	1	0.6655	36466
2_165632910_G_A	A	0.186	-0.0021	0.0043	1	0.6261	36466
2_165638070_T_C	C	0.367	-0.0076	0.0035	1	0.03121	36466
17_36090885_G_A	A	0.451	0.0027	0.0043	1	0.541	36466
6_32862682_C_T	T	0.115	0.0011	0.0058	1	0.8491	36466
16_53818460_G_T	T	0.456	0.0073	0.0033	1	0.02919	36466
17_36106313_T_G	G	0.274	0.0042	0.0041	1	0.3064	36466
6_160851766_T_C	C	0.491	-0.0093	0.0033	1	0.00424	36466
3_63917692_G_C	C	0.339	0.0025	0.0035	1	0.4817	36466
5_53296158_A_G	G	0.25	0.0078	0.0037	1	0.03656	36466
5_102358160_A_G	G	0.31	0.0035	0.0035	1	0.3198	36466
11_92713507_G_T	T	0.466	-0.028	0.0034	1	4.294e-16	36466
20_32640272_A_G	G	0.267	0.0018	0.0036	1	0.6167	36466
1_51266523_G_A	A	0.085	0.0071	0.0063	1	0.2609	36466
3_183646222_A_G	G	0.487	-0.0011	0.0033	1	0.7388	36466
19_19610596_C_T	T	0.083	0.0037	0.0064	1	0.561	36466
4_6324785_T_C	C	0.487	-0.0018	0.0035	1	0.6039	36466
8_118185025_G_A	A	0.239	0.016	0.0038	1	1.962e-5	36466
8_116482423_A_G	G	0.446	0.0015	0.0033	1	0.6499	36466
15_75628841_C_G	G	0.192	-0.0045	0.004	1	0.2506	36466
10_70332066_C_T	T	0.456	-0.0091	0.0033	1	0.006719	36466
7_15910153_T_C	C	0.358	-0.007	0.0035	1	0.04927	36466
10_94354204_T_G	G	0.319	0.0067	0.0034	1	0.0483	36466
5_78523532_C_G	G	0.305	-0.0066	0.0034	1	0.05024	36466
11_92668826_C_T	T	0.407	-0.026	0.0035	1	3.331e-14	36466
6_7008739_A_T	T	0.448	-8e-4	0.0033	1	0.8084	36466
11_2826617_A_G	G	0.035	0.022	0.0079	1	0.004314	36466
1_205099959_C_A	A	0.242	-0.0043	0.0038	1	0.2576	36466
4_6282596_C_T	T	0.275	-0.0036	0.0034	1	0.2823	36466
17_47047868_G_A	A	0.442	-0.0045	0.0034	1	0.1765	36466
3_9514856_G_A	A	0.119	-0.004	0.005	1	0.4316	36466
2_165501849_A_C	C	0.407	-0.0058	0.0035	1	0.09631	36466
5_55860866_G_T	T	0.183	0.0033	0.0044	1	0.4518	36466
5_55860781_A_G	G	0.167	0.0047	0.0045	1	0.2998	36466
11_17138666_G_A	A	0.329	6e-4	0.0035	1	0.8623	36466
22_30343186_C_T	T	0.044	-0.0051	0.006	1	0.3909	36466
5_74967386_C_T	T	0.335	0.0013	0.0034	1	0.7086	36466
5_55796319_C_T	T	0.292	0.0034	0.0037	1	0.3547	36466
2_227036603_A_C	C	0.483	-0.0099	0.0033	1	0.003077	36466
10_114748617_G_A	A	0.417	-0.011	0.0034	1	0.001099	36466
6_20876683_G_A	A	0.442	-0.0046	0.0033	1	0.168	36466
5_102602902_A_T	T	0.39	-0.0024	0.0035	1	0.5033	36466
3_64698813_T_C	C	0.184	-1e-4	0.0038	1	0.9851	36466
5_44898129_G_T	T	0.329	-0.0011	0.0034	1	0.7362	36466
3_64708114_C_T	T	0.239	-0.0011	0.0036	1	0.752	36466
1_177802710_G_A	A	0.271	0.0028	0.0043	1	0.5144	36466
10_114767771_G_A	A	0.292	-0.017	0.0037	1	3.131e-6	36466
3_12372074_A_G	G	0.235	-0.004	0.0037	1	0.2826	36466
4_6272888_G_C	C	0.192	-0.0081	0.0037	1	0.03054	36466
4_6316381_C_A	A	0.333	-0.0017	0.0034	1	0.6216	36466
6_20643222_C_G	G	0.46	0.0038	0.0033	1	0.2489	36466
8_110076032_G_A	A	0.398	0.0047	0.0034	1	0.1643	36466
17_36098987_G_A	A	0.458	0.009	0.0043	1	0.03741	36466
15_91546497_T_G	G	0.339	0.0011	0.0034	1	0.7421	36466
4_6264968_T_C	C	0.292	-0.0084	0.0037	1	0.024140000000000002	36466
11_2651410_T_C	C	0.075	-0.0026	0.0055	1	0.6432	36466
12_123447928_T_C	C	0.332	0.0038	0.0036	1	0.2875	36466
2_161219181_A_T	T	0.208	0.0018	0.0041	1	0.6521	36466
6_20570039_C_T	T	0.301	-0.0021	0.0034	1	0.5427	36466
4_6292020_A_C	C	0.31	-0.0039	0.0034	1	0.2434	36466
8_10352463_C_G	G	0.208	-0.0053	0.004	1	0.1787	36466
5_76446703_A_G	G	0.339	0.002	0.0035	1	0.5629	36466
4_6294001_A_G	G	0.254	-0.0033	0.0033	1	0.3173	36466
17_61559923_C_T	T	0.447	-0.0052	0.0037	1	0.1625	36466
4_6271043_A_T	T	0.283	-0.0045	0.0034	1	0.1838	36466
3_64708628_C_T	T	0.192	-0.001	0.0039	1	0.7976	36466
6_20764250_C_T	T	0.5	-0.0068	0.0033	1	0.03844	36466
17_61570422_A_G	G	0.495	-0.0035	0.0034	1	0.3093	36466
2_43566146_A_G	G	0.155	0.018	0.0055	1	0.001447	36466
3_185497635_A_C	C	0.29	-0.011	0.0035	1	0.002326	36466
9_19051028_T_G	G	0.341	-0.0042	0.0034	1	0.2274	36466
3_185511687_G_T	T	0.296	-0.011	0.0036	1	0.001158	36466
11_92721787_A_C	C	0.492	-0.027	0.0033	1	7.433e-16	36466
3_64703665_C_T	T	0.188	2e-4	0.0038	1	0.9531	36466
3_88183068_A_C	C	0.168	0.0058	0.0044	1	0.1863	36466
4_6293967_G_A	A	0.323	-0.0034	0.0033	1	0.3129	36466
19_45422946_A_G	G	0.183	-9e-4	0.005	1	0.8531	36466
3_64704860_A_G	G	0.248	-1e-4	0.0035	1	0.9697	36466
5_102081834_T_A	A	0.383	-0.0019	0.0033	1	0.5581	36466
1_117491123_A_G	G	0.376	0.0018	0.0036	1	0.6252	36466
12_121317075_G_T	T	0.456	-0.001	0.0032	1	0.7482	36466
4_6294305_C_T	T	0.259	-0.0034	0.0033	1	0.3157	36466
22_30579886_T_A	A	0.04	0.0068	0.006	1	0.2625	36466
6_20775660_A_G	G	0.058	-0.0091	0.0057	1	0.1132	36466
15_62383155_T_C	C	0.42	0.0099	0.0034	1	0.003572	36466
3_64701890_T_C	C	0.246	-0.0011	0.0036	1	0.7554	36466
10_114756041_A_T	T	0.296	-0.018	0.0037	1	1.391e-6	36466
8_126516988_T_C	C	0.407	-2e-4	0.0036	1	0.9624	36466
9_4268785_C_T	T	0.243	-0.0063	0.0039	1	0.1086	36466
4_6306144_C_A	A	0.292	-0.0031	0.0035	1	0.3808	36466
5_55806751_A_G	G	0.217	0.0046	0.0037	1	0.2121	36466
3_64711904_C_T	T	0.19	-9e-4	0.0039	1	0.8266	36466
3_64699445_C_T	T	0.457	-0.0012	0.0033	1	0.7181	36466
10_77244014_C_T	T	0.1	-0.0056	0.005	1	0.2577	36466
3_64702275_C_G	G	0.221	-4e-4	0.0037	1	0.9152	36466
5_74371203_T_G	G	0.367	-0.0026	0.0034	1	0.4469	36466
11_2717293_T_C	C	0.482	-0.0054	0.0033	1	0.1039	36466
11_2717680_C_T	T	0.354	-0.0055	0.0036	1	0.131	36466
10_114854383_C_T	T	0.263	0.0025	0.0046	1	0.594	36466
6_20749677_G_A	A	0.467	0.0064	0.0033	1	0.05608	36466
2_227038818_T_C	C	0.491	-0.0098	0.0033	1	0.003316	36466
10_94294291_A_G	G	0.288	-0.0095	0.0036	1	0.009012	36466
3_123062970_C_G	G	0.458	-0.013	0.0033	1	8.715e-5	36466
5_102165571_C_T	T	0.331	4e-4	0.0034	1	0.9186	36466
3_12386337_C_T	T	0.097	-0.0065	0.0047	1	0.1632	36466
3_185516520_G_A	A	0.288	-0.011	0.0035	1	0.002043	36466
4_6285797_C_A	A	0.275	-0.0035	0.0034	1	0.3002	36466
4_6287329_C_T	T	0.275	-0.0035	0.0034	1	0.3032	36466
4_6270056_G_A	A	0.332	-0.0046	0.0035	1	0.183	36466
4_6280449_G_A	A	0.332	-0.0035	0.0034	1	0.3041	36466
4_6287241_T_C	C	0.363	-0.0043	0.0035	1	0.217	36466
4_6291003_C_G	G	0.319	-0.003	0.0034	1	0.3727	36466
4_95046907_G_A	A	0.456	-8e-4	0.0033	1	0.8177	36466
4_153510588_T_C	C	0.275	0.0015	0.0036	1	0.669	36466
4_153515580_A_G	G	0.31	0.0017	0.0036	1	0.6318	36466
5_74537751_C_T	T	0.375	-0.0024	0.0034	1	0.4741	36466
6_20658012_A_C	C	0.367	-0.0072	0.0034	1	0.031	36466
6_20744727_C_T	T	0.372	0.0038	0.0037	1	0.3002	36466
6_20585140_G_A	A	0.295	-0.0031	0.0034	1	0.3661	36466
6_20656800_C_G	G	0.308	-0.0065	0.0034	1	0.05768	36466
6_20662966_C_T	T	0.308	-0.0066	0.0034	1	0.054	36466
6_20663035_T_A	A	0.308	-0.0066	0.0034	1	0.05408	36466
6_20678430_G_C	C	0.138	-5e-4	0.004	1	0.8998	36466
6_20734076_A_C	C	0.388	0.0052	0.0037	1	0.1621	36466
6_20752016_C_A	A	0.467	0.0065	0.0033	1	0.05225	36466
6_20763171_G_A	A	0.491	-0.007	0.0033	1	0.03547	36466
7_28172183_A_G	G	0.165	-0.0038	0.0041	1	0.3481	36466
7_28178262_G_T	T	0.16	-0.0027	0.0046	1	0.5545	36466
8_95976251_A_T	T	0.467	0.0039	0.0033	1	0.2305	36466
9_133783566_G_A	A	0.456	0.01	0.004	1	0.01091	36466
10_13567927_A_C	C	0.44	0.0066	0.0061	1	0.2768	36466
10_124161791_T_C	C	0.442	0.0041	0.0034	1	0.2296	36466
11_92717405_C_A	A	0.492	-0.028	0.0033	1	8.058e-17	36466
11_92717475_G_A	A	0.496	-0.028	0.0033	1	7.429e-17	36466
11_43821004_G_T	T	0.258	-0.0029	0.0035	1	0.4041	36466
12_61214545_A_G	G	0.221	0.0049	0.0044	1	0.266	36466
12_121359586_G_A	A	0.314	-0.0042	0.0034	1	0.2244	36466
18_57852587_T_C	C	0.27	0.0089	0.0041	1	0.03075	36466
18_57896038_G_T	T	0.345	0.0022	0.0035	1	0.5357	36466
16_69547741_T_C	C	0.434	3e-4	0.0034	1	0.9266	36466
16_53816647_G_C	C	0.283	0.0065	0.0035	1	0.06407	36466
17_47067826_G_A	A	0.447	0.0014	0.0035	1	0.6885	36466
20_51002433_T_C	C	0.342	-0.0058	0.0034	1	0.09037	36466
20_39918383_G_C	C	0.458	4e-4	0.0033	1	0.9058	36466
11_28721187_G_A	A	0.363	0.0021	0.0037	1	0.5802	36466
7_28207300_G_T	T	0.308	0.003	0.0036	1	0.4037	36466
22_32442074_G_A	A	0.089	-0.0064	0.0067	1	0.3417	36466
22_41437269_T_C	C	0.212	0.0076	0.0039	1	0.05399	36466
8_10376148_A_T	T	0.2	-0.0046	0.004	1	0.2583	36466
1_219750717_G_T	T	0.288	-0.011	0.0036	1	0.002141	36466
2_112816047_T_C	C	0.301	-0.0022	0.0035	1	0.5259	36466
15_40398754_T_C	C	0.261	-0.016	0.0098	1	0.1062	36466
3_94039386_G_T	T	0.4	-0.0047	0.0033	1	0.1583	36466
6_32290954_A_G	G	0.384	0.0054	0.0035	1	0.1222	36466
3_88250125_T_A	A	0.129	0.0014	0.0053	1	0.7861	36466
13_58311469_C_T	T	0.235	-0.01	0.0038	1	0.008725	36466
6_126899853_T_A	A	0.425	-0.0023	0.0033	1	0.4727	36466
18_57882787_C_A	A	0.408	0.0099	0.0037	1	0.007203	36466
6_126755642_T_G	G	0.429	-0.0033	0.0033	1	0.3188	36466
1_64189638_C_T	T	0.332	-0.0049	0.0036	1	0.1733	36466
10_114821807_T_G	G	0.411	-0.0071	0.0033	1	0.03307	36466
15_42119603_C_T	T	0.404	0.0056	0.0064	1	0.3773	36466
18_57858802_A_G	G	0.325	0.0082	0.0039	1	0.03805	36466
15_41974660_T_C	C	0.343	-0.0018	0.0034	1	0.5914	36466
15_91508803_C_A	A	0.341	-0.0011	0.0034	1	0.7542	36466
10_94498436_T_C	C	0.381	0.0051	0.0039	1	0.1967	36466
11_58126305_A_T	T	0.412	0.0031	0.0034	1	0.362	36466
11_72597438_C_T	T	0.127	-0.0046	0.0041	1	0.2648	36466
6_111895860_T_C	C	0.275	0.002	0.0037	1	0.5928	36466
6_117955898_C_T	T	0.473	-0.002	0.0033	1	0.5552	36466
12_108594069_G_C	C	0.288	-0.0046	0.0043	1	0.2837	36466
9_22098574_A_G	G	0.46	0.0048	0.0033	1	0.1497	36466
7_28256240_G_A	A	0.376	6e-4	0.0035	1	0.8677	36466
4_6292799_A_C	C	0.263	-0.0033	0.0033	1	0.3228	36466
4_6292818_C_G	G	0.317	-0.0031	0.0034	1	0.3529	36466
8_11213389_C_T	T	0.465	-0.006	0.0033	1	0.06507	36466
8_41595613_T_C	C	0.403	-0.0069	0.0034	1	0.04094	36466
8_41519248_T_C	C	0.186	-0.013	0.0038	1	5.292e-4	36466
9_22019673_G_C	C	0.451	-0.0024	0.0036	1	0.5078	36466
11_17408630_C_T	T	0.398	-9e-4	0.0033	1	0.7802	36466
9_22019129_A_G	G	0.451	-0.0019	0.0033	1	0.553	36466
7_28202430_G_A	A	0.155	0.0015	0.0048	1	0.7474	36466
12_121273247_T_C	C	0.487	0.0017	0.0032	1	0.592	36466
5_78340286_A_G	G	0.473	0.0032	0.0033	1	0.3309	36466
7_28203142_C_T	T	0.279	0.0027	0.0036	1	0.4589	36466
7_28229042_G_A	A	0.15	8e-4	0.0048	1	0.8717	36466
7_28205303_T_C	C	0.288	0.0029	0.0036	1	0.4287	36466
18_57895059_A_G	G	0.339	0.0025	0.0035	1	0.465	36466
9_22029547_T_C	C	0.434	-0.0025	0.0033	1	0.4475	36466
7_28225514_T_A	A	0.167	0.0012	0.0048	1	0.7957	36466
9_22011642_G_A	A	0.381	-0.0026	0.0034	1	0.4413	36466
22_41410267_G_A	A	0.208	-0.0073	0.004	1	0.06656	36466
11_74490228_A_C	C	0.392	-0.0048	0.0033	1	0.1499	36466
22_50435480_A_G	G	0.456	0.0038	0.0039	1	0.3279	36466
18_57904088_C_T	T	0.333	0.0083	0.0039	1	0.03374	36466
18_57841589_T_A	A	0.475	0.0057	0.0033	1	0.0846	36466
9_125802470_A_G	G	0.15	0.0084	0.0048	1	0.0803	36466
20_50955607_G_T	T	0.3	-0.0084	0.0038	1	0.02545	36466
11_17246362_G_C	C	0.432	-2e-4	0.0034	1	0.9492	36466
20_32557119_C_T	T	0.267	0.001	0.0036	1	0.7844	36466
20_32645052_T_C	C	0.259	0.0017	0.0036	1	0.6353	36466
20_33164804_C_T	T	0.482	-0.0017	0.0033	1	0.593	36466
20_51093873_T_G	G	0.398	0.0045	0.0033	1	0.1753	36466
20_50967120_G_C	C	0.3	-0.0073	0.0036	1	0.04558	36466
20_50853887_G_A	A	0.345	-0.0031	0.0035	1	0.3863	36466
8_9879451_C_G	G	0.146	0.0071	0.0045	1	0.1146	36466
20_2100095_G_A	A	0.178	0.0035	0.004	1	0.384	36466
11_72474839_A_G	G	0.142	0.013	0.0042	1	0.001223	36466
9_22026077_T_C	C	0.302	-0.0025	0.0033	1	0.4506	36466
11_17247336_G_A	A	0.442	-2e-4	0.0034	1	0.9506	36466
18_57884551_G_A	A	0.403	0.0048	0.0034	1	0.157	36466
1_177852580_T_C	C	0.243	-0.0015	0.0043	1	0.7223	36466
9_22032152_T_G	G	0.379	-0.0026	0.0033	1	0.4242	36466
3_127105611_T_C	C	0.257	-1e-4	0.0036	1	0.967	36466
3_185536223_G_T	T	0.239	-0.011	0.0039	1	0.003319	36466
3_64719091_G_C	C	0.458	-0.0015	0.0034	1	0.6639	36466
4_6295565_C_T	T	0.271	-0.0031	0.0034	1	0.3615	36466
4_6295693_C_G	G	0.258	-0.004	0.0035	1	0.2491	36466
4_6324647_G_A	A	0.495	-0.0033	0.0063	1	0.5947	36466
6_20541519_C_T	T	0.393	-0.0046	0.0034	1	0.1758	36466
6_20649254_A_T	T	0.107	-0.015	0.0046	1	8.299e-4	36466
6_20659587_T_A	A	0.308	-0.0066	0.0034	1	0.05471	36466
6_20659806_T_C	C	0.319	-0.0068	0.0034	1	0.04808	36466
6_32663999_G_C	C	0.478	0.0072	0.0033	1	0.02791	36466
7_23730174_A_G	G	0.066	-0.0045	0.0046	1	0.3333	36466
7_130442141_C_G	G	0.267	0.0019	0.0036	1	0.5897	36466
9_125707347_C_G	G	0.15	0.0087	0.0048	1	0.06828	36466
15_91528358_G_A	A	0.217	-0.0015	0.0035	1	0.6558	36466
16_69686912_A_G	G	0.429	-0.011	0.0061	1	0.08899	36466
19_5008399_G_A	A	0.274	-0.0024	0.0042	1	0.567	36466
22_30525549_C_T	T	0.041	-0.0058	0.0062	1	0.3467	36466
4_104212156_C_T	T	0.383	-5e-4	0.0034	1	0.8836	36466
2_43729212_G_A	A	0.083	0.025	0.0059	1	3.529e-5	36466
2_43732488_T_C	C	0.089	0.025	0.0059	1	3.631e-5	36466
2_43736171_T_C	C	0.083	0.025	0.0059	1	3.663e-5	36466
3_23415782_G_C	C	0.184	-0.004	0.0036	1	0.2675	36466
18_54569235_C_G	G	0.173	-9e-4	0.0046	1	0.8512	36466
9_3264933_G_C	C	0.125	-0.0047	0.0051	1	0.362	36466
18_57790225_T_G	G	0.354	0.0086	0.0036	1	0.01701	36466
18_57829135_T_C	C	0.283	0.01	0.004	1	0.01331	36466
14_103876454_A_G	G	0.376	0.0015	0.0065	1	0.8126	36466
10_94209939_C_T	T	0.277	0.0072	0.0034	1	0.03645	36466
10_94344415_C_T	T	0.449	0.0052	0.0033	1	0.1109	36466
10_94398118_A_G	G	0.438	0.0066	0.0034	1	0.0486	36466
10_94409800_C_T	T	0.474	0.0028	0.0033	1	0.3999	36466
10_114762237_G_A	A	0.42	-0.01	0.0033	1	0.002785	36466
10_114768609_A_G	G	0.42	-0.0095	0.0033	1	0.0042	36466
8_9855805_C_A	A	0.371	0.0035	0.0037	1	0.3366	36466
8_10635141_G_A	A	0.358	0.0092	0.0033	1	0.004912	36466
8_10830743_T_C	C	0.378	0.0063	0.0036	1	0.07553	36466
18_57838401_G_A	A	0.283	0.0094	0.004	1	0.01969	36466
1_219628406_G_A	A	0.388	0.008	0.0034	1	0.01854	36466
1_206596899_G_A	A	0.408	0.001	0.0033	1	0.7595	36466
2_165557318_C_T	T	0.412	-0.0047	0.0034	1	0.1745	36466
2_165508300_T_C	C	0.411	-0.0056	0.0034	1	0.1008	36466
2_43703684_G_C	C	0.083	0.025	0.0059	1	1.692e-5	36466
2_43822006_A_G	G	0.1	0.016	0.0053	1	0.002574	36466
2_165539661_T_C	C	0.447	-0.0066	0.0033	1	0.04903	36466
2_43752346_A_G	G	0.06	0.025	0.0061	1	3.499e-5	36466
2_58931770_A_G	G	0.172	0.011	0.0046	1	0.01807	36466
2_43846553_G_T	T	0.137	0.016	0.0053	1	0.002747	36466
2_43834163_A_G	G	0.143	0.016	0.0053	1	0.00298	36466
2_43753913_A_C	C	0.095	0.022	0.0058	1	1.131e-4	36466
2_60392625_T_A	A	0.158	0.005	0.0043	1	0.2386	36466
2_42951501_C_T	T	0.363	0.0012	0.0034	1	0.7191	36466
2_43703183_T_G	G	0.083	0.025	0.0059	1	1.66e-5	36466
2_43677273_G_C	C	0.083	0.025	0.0059	1	2.712e-5	36466
2_43712785_G_T	T	0.083	0.025	0.0059	1	2.427e-5	36466
2_226884900_G_A	A	0.092	0.0089	0.0046	1	0.05461	36466
2_43586287_T_G	G	0.067	0.022	0.0061	1	2.14e-4	36466
2_43677253_T_A	A	0.083	0.025	0.0059	1	2.732e-5	36466
2_43712163_T_G	G	0.083	0.025	0.0059	1	2.397e-5	36466
2_202980718_A_G	G	0.491	0.0037	0.0033	1	0.2522	36466
2_43845329_A_T	T	0.142	0.016	0.0052	1	0.001552	36466
2_43752407_G_A	A	0.061	0.025	0.006	1	3.106e-5	36466
2_43752548_G_A	A	0.124	0.025	0.006	1	3.289e-5	36466
2_43754655_T_C	C	0.083	0.025	0.006	1	3.979e-5	36466
2_43749436_T_G	G	0.133	0.024	0.0059	1	4.545e-5	36466
2_43493049_C_T	T	0.142	0.015	0.0054	1	0.005028	36466
2_165507843_C_T	T	0.412	-0.006	0.0035	1	0.08363	36466
2_65653199_A_C	C	0.372	0.003	0.0035	1	0.3901	36466
2_43528478_C_T	T	0.142	0.015	0.0054	1	0.004112	36466
2_43734847_C_T	T	0.096	0.025	0.0059	1	3.186e-5	36466
2_43505058_C_T	T	0.142	0.015	0.0054	1	0.00449	36466
2_43735713_C_T	T	0.124	0.025	0.0059	1	3.422e-5	36466
3_35659344_T_G	G	0.341	0.0013	0.0035	1	0.7099	36466
3_185520578_A_G	G	0.296	-0.011	0.0035	1	0.00212	36466
3_185520732_A_C	C	0.248	-0.011	0.0037	1	0.002157	36466
3_12301472_C_T	T	0.066	-0.0086	0.0063	1	0.1704	36466
3_64700425_A_G	G	0.211	-3e-4	0.0035	1	0.9293	36466
3_64724632_C_T	T	0.474	0.0025	0.0063	1	0.6983	36466
3_23198484_G_A	A	0.093	0.0061	0.0052	1	0.2424	36466
8_8610783_A_C	C	0.32	0.0087	0.0036	1	0.01457	36466
3_185479733_G_T	T	0.177	-0.0034	0.004	1	0.3966	36466
3_49995518_T_C	C	0.456	0.0062	0.0032	1	0.05722	36466
3_64705365_C_T	T	0.451	-0.0011	0.0033	1	0.7489	36466
3_123095312_G_A	A	0.248	0.014	0.0041	1	6.554e-4	36466
3_185499057_C_G	G	0.259	-0.011	0.0036	1	0.003131	36466
3_12391207_C_T	T	0.097	-0.0067	0.0047	1	0.1515	36466
4_153520475_C_T	T	0.279	0.0024	0.0038	1	0.5385	36466
5_53394938_T_C	C	0.327	-0.0054	0.0036	1	0.1368	36466
11_65254201_T_C	C	0.381	-0.0012	0.0036	1	0.7318	36466
4_48619937_C_T	T	0.456	6e-4	0.0033	1	0.8589	36466
4_103936001_G_A	A	0.296	0.003	0.0034	1	0.3841	36466
4_18053698_C_T	T	0.345	-0.0033	0.0035	1	0.3509	36466
4_18094853_C_T	T	0.265	0.0043	0.004	1	0.2876	36466
5_74534372_A_G	G	0.385	-0.0029	0.0034	1	0.3992	36466
5_44941630_C_T	T	0.348	0.001	0.0034	1	0.7792	36466
5_76427311_G_A	A	0.267	0.007	0.004	1	0.07582	36466
5_76439250_G_A	A	0.456	0.0062	0.0039	1	0.1167	36466
6_76335841_T_G	G	0.326	-5e-4	0.0035	1	0.8781	36466
6_138773071_G_C	C	0.203	-0.01	0.0049	1	0.03609	36466
6_20659459_G_A	A	0.391	-0.0064	0.0034	1	0.05841	36466
6_20760177_C_T	T	0.043	-0.0075	0.0065	1	0.2462	36466
6_20760612_C_T	T	0.487	-0.0069	0.0033	1	0.03798	36466
6_32375745_G_A	A	0.416	0.0062	0.0034	1	0.07198	36466
12_121197124_C_T	T	0.133	0.003	0.0042	1	0.4736	36466
6_20703952_A_G	G	0.279	-0.0097	0.0036	1	0.006644	36466
6_20586575_G_A	A	0.067	-0.015	0.0083	1	0.07756	36466
6_20644494_G_A	A	0.258	0.0015	0.0039	1	0.6944	36466
6_20717095_A_G	G	0.15	-0.016	0.0041	1	8.187e-5	36466
6_127779647_A_T	T	0.367	0.0033	0.0034	1	0.3332	36466
5_102083354_A_C	C	0.392	-0.0015	0.0033	1	0.6509	36466
7_15052860_T_C	C	0.487	-0.02	0.0034	1	6.475e-9	36466
7_15050305_C_G	G	0.433	-0.017	0.0033	1	1.42e-7	36466
7_28138193_A_G	G	0.304	9e-4	0.0037	1	0.8049	36466
7_15048611_T_G	G	0.438	0.018	0.0034	1	9.341e-8	36466
7_15048814_T_C	C	0.45	-0.019	0.0034	1	2.302e-8	36466
7_28156887_C_T	T	0.168	-0.0043	0.0041	1	0.2947	36466
8_129557523_G_A	A	0.175	4e-4	0.0049	1	0.9401	36466
8_11171087_A_C	C	0.366	-0.0062	0.0033	1	0.05979	36466
8_41523745_G_A	A	0.186	0.013	0.0038	1	9.67e-4	36466
8_9200472_A_C	C	0.344	0.0059	0.0034	1	0.08135	36466
8_9578255_G_A	A	0.326	0.0054	0.0033	1	0.1093	36466
8_10580550_G_C	C	0.432	0.0031	0.0034	1	0.3664	36466
8_19876797_T_C	C	0.125	-0.0014	0.0056	1	0.7986	36466
9_15823667_T_C	C	0.419	0.0014	0.0033	1	0.6792	36466
9_22129579_C_T	T	0.183	0.0097	0.0052	1	0.05974	36466
9_97793139_A_T	T	0.124	6e-4	0.0049	1	0.8966	36466
9_22054040_C_T	T	0.367	0.0013	0.0033	1	0.6933	36466
9_4289050_C_A	A	0.475	-0.016	0.0033	1	1.668e-6	36466
10_80953393_G_C	C	0.429	0.0028	0.0034	1	0.4105	36466
10_80942721_A_G	G	0.407	-0.0014	0.0034	1	0.6776	36466
10_114789077_T_C	C	0.436	-0.0086	0.0033	1	0.008702	36466
10_114812071_T_C	C	0.425	-0.0082	0.0033	1	0.01221	36466
10_94120376_G_T	T	0.422	-0.0014	0.0033	1	0.673	36466
10_94414263_A_C	C	0.491	0.0025	0.0033	1	0.4595	36466
10_76896562_T_C	C	0.381	-0.0011	0.0033	1	0.743	36466
10_94176088_T_C	C	0.402	0.0037	0.0035	1	0.2876	36466
10_114796048_A_G	G	0.416	-0.009	0.0033	1	0.006	36466
11_47461693_G_A	A	0.356	0.0091	0.0037	1	0.01251	36466
11_72707441_A_C	C	0.15	0.011	0.0039	1	0.003944	36466
11_72407269_A_G	G	0.432	-0.0023	0.0033	1	0.4807	36466
11_43817320_C_G	G	0.224	-0.004	0.0037	1	0.282	36466
8_8103782_C_T	T	0.403	0.0071	0.0037	1	0.05283	36466
11_17163427_C_T	T	0.456	-6e-4	0.0033	1	0.8554	36466
11_17412960_A_G	G	0.341	5e-4	0.0034	1	0.8905	36466
11_85027586_G_C	C	0.042	-0.0074	0.0074	1	0.3144	36466
12_66168151_G_T	T	0.128	-0.0025	0.0052	1	0.6327	36466
22_50451771_C_T	T	0.434	0.0038	0.0034	1	0.2559	36466
12_71439589_C_T	T	0.429	0.0049	0.0033	1	0.1413	36466
14_91971265_T_C	C	0.425	-0.006	0.0033	1	0.06877	36466
14_103886757_A_G	G	0.358	-0.002	0.0034	1	0.5605	36466
15_91566862_C_T	T	0.292	0.0022	0.0034	1	0.5187	36466
15_57029792_T_C	C	0.008	-0.02	0.0097	1	0.0388	36466
15_77832762_G_A	A	0.292	-0.003	0.0036	1	0.4035	36466
15_77747190_A_G	G	0.319	-0.0042	0.0035	1	0.2318	36466
16_53822651_A_G	G	0.442	0.0073	0.0033	1	0.02811	36466
16_53828752_A_G	G	0.351	0.0054	0.0035	1	0.1209	36466
16_53810686_T_C	C	0.45	0.0076	0.0033	1	0.02276	36466
16_53821862_C_T	T	0.473	0.0066	0.0033	1	0.04873	36466
16_53821615_A_G	G	0.456	0.0053	0.0062	1	0.3859	36466
16_69894432_A_G	G	0.475	-0.0018	0.0033	1	0.5788	36466
16_75247245_T_G	G	0.111	0.0034	0.0053	1	0.5239	36466
17_18005073_A_G	G	0.237	0.0038	0.0034	1	0.2646	36466
17_40656043_T_G	G	0.107	0.0016	0.0066	1	0.8062	36466
18_57901950_T_G	G	0.367	0.0029	0.0035	1	0.407	36466
18_36917981_C_T	T	0.23	0.0037	0.0043	1	0.3882	36466
18_57734857_C_T	T	0.27	0.0068	0.0039	1	0.07645	36466
18_57738602_T_G	G	0.275	0.0067	0.0039	1	0.08458	36466
5_44796042_T_C	C	0.324	0.0017	0.0034	1	0.6058	36466
12_41960920_C_T	T	0.283	-0.0028	0.0033	1	0.4098	36466
13_59037838_T_C	C	0.138	-0.0086	0.0045	1	0.05729	36466
4_6303354_G_A	A	0.35	-0.0035	0.0033	1	0.2927	36466
17_29684553_C_T	T	0.402	9e-4	0.0034	1	0.786	36466
16_89616558_T_C	C	0.01	-0.0067	0.017	1	0.6877	36466
4_185716232_T_C	C	0.175	0.007	0.0048	1	0.1492	36466
8_10503525_A_G	G	0.338	-0.0073	0.0039	1	0.06472	36466
1_93163385_A_G	G	0.353	-0.0027	0.0063	1	0.6657	36466
6_32299715_G_A	A	0.394	0.0042	0.0034	1	0.2162	36466
6_20665081_G_A	A	0.108	-0.015	0.0046	1	0.001046	36466
3_64710850_T_C	C	0.458	-0.0012	0.0033	1	0.714	36466
3_185036664_T_C	C	0.155	0.0017	0.0044	1	0.6965	36466
6_20767471_C_T	T	0.059	-0.0091	0.0057	1	0.111	36466
6_20773752_C_T	T	0.455	0.0065	0.0033	1	0.05037	36466
8_110063614_C_T	T	0.383	0.0027	0.0033	1	0.4042	36466
3_114939510_G_A	A	0.21	-0.0013	0.004	1	0.7447	36466
15_84584959_C_T	T	0.475	0.0025	0.0033	1	0.4371	36466
17_36101156_T_C	C	0.434	0.0087	0.0042	1	0.03816	36466
8_41525914_C_T	T	0.186	0.013	0.0038	1	6.048e-4	36466
17_17660347_C_T	T	0.319	-0.0079	0.0035	1	0.02324	36466
4_6281961_C_T	T	0.27	-0.0073	0.0035	1	0.03991	36466
1_214147889_T_C	C	0.451	0.012	0.0033	1	3.384e-4	36466
1_155728088_A_T	T	0.431	0.0014	0.0036	1	0.702	36466
2_18721662_G_A	A	0.456	0.0023	0.0034	1	0.5083	36466
2_43701951_G_T	T	0.083	0.026	0.0059	1	1.594e-5	36466
2_43668261_C_T	T	0.083	0.025	0.0059	1	2.613e-5	36466
2_43706002_T_C	C	0.124	0.025	0.0059	1	2.376e-5	36466
11_17418477_C_A	A	0.388	0.0015	0.0034	1	0.6687	36466
17_36096515_T_C	C	0.433	0.0092	0.0045	1	0.04317	36466
2_43685109_C_A	A	0.083	0.026	0.006	1	1.686e-5	36466
2_60581094_T_C	C	0.491	-0.0029	0.0034	1	0.3917	36466
2_43841269_C_T	T	0.137	0.016	0.0052	1	0.002043	36466
2_227020653_A_G	G	0.35	-0.0054	0.0036	1	0.1262	36466
2_43732823_T_C	C	0.124	0.023	0.0059	1	6.978e-5	36466
2_105176835_T_A	A	0.319	0.0022	0.0036	1	0.5469	36466
2_43702151_A_G	G	0.083	0.026	0.0059	1	1.588e-5	36466
2_100665274_T_G	G	0.229	-0.0037	0.0044	1	0.4039	36466
2_43685493_A_G	G	0.083	0.026	0.006	1	1.665e-5	36466
2_43710807_A_G	G	0.083	0.025	0.0059	1	2.369e-5	36466
2_43841119_A_G	G	0.1	0.016	0.0053	1	0.002301	36466
2_43494177_T_C	C	0.177	0.015	0.0054	1	0.00597	36466
2_43629931_G_T	T	0.067	0.024	0.0061	1	7.523e-5	36466
2_43672499_A_C	C	0.037	0.025	0.0059	1	3.016e-5	36466
3_123070517_C_T	T	0.17	0.013	0.0044	1	0.002872	36466
3_122936419_A_G	G	0.15	0.0058	0.0039	1	0.1329	36466
3_185510613_T_G	G	0.296	-0.011	0.0035	1	0.001868	36466
3_12383714_G_A	A	0.097	-0.0068	0.0047	1	0.1436	36466
3_185522447_G_A	A	0.274	-0.011	0.0036	1	0.003569	36466
3_185547917_C_T	T	0.447	-0.011	0.0034	1	0.001077	36466
3_185514931_T_C	C	0.296	-0.011	0.0035	1	0.001945	36466
3_12391813_G_A	A	0.097	-0.0066	0.0046	1	0.1538	36466
3_185490734_T_G	G	0.243	-0.012	0.0039	1	0.001918	36466
3_12392272_C_T	T	0.068	-0.0062	0.0047	1	0.183	36466
3_185513392_A_G	G	0.296	-0.011	0.0036	1	0.001808	36466
4_45133240_A_G	G	0.296	0.0062	0.0035	1	0.07871	36466
4_103887331_G_A	A	0.475	0.005	0.0032	1	0.1218	36466
4_17811914_A_C	C	0.341	0.0013	0.0036	1	0.722	36466
4_153513369_T_A	A	0.31	0.0021	0.0036	1	0.5625	36466
4_103988899_G_T	T	0.433	0.0018	0.0033	1	0.5831	36466
4_95936567_G_T	T	0.402	2e-4	0.0035	1	0.9521	36466
4_185631998_T_C	C	0.216	-0.0015	0.0044	1	0.7357	36466
4_153254121_C_T	T	0.27	0.0025	0.0036	1	0.4935	36466
4_77551310_C_T	T	0.415	-5e-4	0.0033	1	0.875	36466
4_6324246_A_G	G	0.372	-0.01	0.0064	1	0.1068	36466
5_76425867_G_A	A	0.261	0.006	0.004	1	0.1334	36466
5_44922704_C_G	G	0.347	-0.0012	0.0034	1	0.7241	36466
5_101551842_C_T	T	0.092	-7e-4	0.0059	1	0.9058	36466
5_74923321_G_A	A	0.217	-0.0029	0.004	1	0.4635	36466
6_20731524_A_C	C	0.097	-0.0096	0.0045	1	0.03302	36466
6_7195684_C_T	T	0.23	0.0074	0.0041	1	0.072	36466
6_20725423_G_C	C	0.204	-0.014	0.004	1	3.364e-4	36466
6_20665549_G_A	A	0.305	-0.0066	0.0034	1	0.05379	36466
6_20660223_C_T	T	0.2	0.002	0.0041	1	0.6161	36466
6_20537961_A_G	G	0.067	-0.014	0.0083	1	0.0958	36466
6_20661250_G_C	C	0.336	-0.0066	0.0034	1	0.05369	36466
6_138781749_C_T	T	0.195	-0.011	0.005	1	0.03387	36466
6_153367347_T_G	G	0.322	-0.0062	0.0035	1	0.07481	36466
6_20751241_C_G	G	0.475	0.0064	0.0033	1	0.05577	36466
6_20725240_T_C	C	0.159	-0.015	0.0042	1	3.629e-4	36466
6_20633907_G_A	A	0.133	-0.0092	0.0041	1	0.02456	36466
2_166535918_C_T	T	0.5	-0.0047	0.0064	1	0.4633	36466
6_20955332_T_C	C	0.327	0.0057	0.0037	1	0.1186	36466
7_15047637_A_G	G	0.438	-0.018	0.0034	1	8.631e-8	36466
7_15055616_G_A	A	0.456	0.02	0.0034	1	8.1e-9	36466
2_27742603_T_C	C	0.394	0.0029	0.0033	1	0.3869	36466
2_27741237_T_C	C	0.394	0.0039	0.0034	1	0.2515	36466
7_28245082_A_G	G	0.143	6e-4	0.0049	1	0.9006	36466
10_80935083_G_C	C	0.464	9e-4	0.0039	1	0.8109	36466
8_11453671_T_C	C	0.375	-0.0022	0.0038	1	0.5642	36466
17_3966064_A_G	G	0.403	-0.0046	0.0034	1	0.1733	36466
17_3953083_T_C	C	0.394	-0.0087	0.0062	1	0.1628	36466
1_72906385_G_A	A	0.186	-0.0044	0.0043	1	0.3105	36466
8_10954391_A_G	G	0.339	0.0081	0.0036	1	0.0255	36466
9_33905525_G_C	C	0.392	-0.0088	0.0034	1	0.008993	36466
9_22031005_G_A	A	0.447	0.0025	0.0033	1	0.4474	36466
9_96933251_G_A	A	0.355	-0.0018	0.0035	1	0.608	36466
9_28411632_T_C	C	0.45	-0.0012	0.0033	1	0.7075	36466
10_114766717_C_T	T	0.128	0.0076	0.0046	1	0.09845	36466
10_94395748_A_C	C	0.392	0.0064	0.0033	1	0.05474	36466
10_114732906_A_C	C	0.42	-0.011	0.0034	1	7.983e-4	36466
10_114754088_T_C	C	0.281	-0.018	0.0038	1	3.132e-6	36466
10_114758349_C_T	T	0.279	-0.02	0.0038	1	1.393e-7	36466
10_94436851_T_C	C	0.496	0.0023	0.0033	1	0.479	36466
10_94382950_T_C	C	0.438	0.0067	0.0033	1	0.0439	36466
10_114732882_T_C	C	0.42	-0.011	0.0033	1	0.001274	36466
10_94481917_G_A	A	0.367	0.0067	0.0034	1	0.04748	36466
10_94482076_C_T	T	0.367	0.007	0.0033	1	0.03515	36466
10_114787012_T_C	C	0.417	-0.0088	0.0033	1	0.007359	36466
11_17372443_C_A	A	0.416	-0.0041	0.0033	1	0.2155	36466
11_128236058_C_A	A	0.223	0.002	0.0036	1	0.5825	36466
11_92684322_G_A	A	0.375	-0.024	0.0034	1	7.144e-13	36466
11_92690032_G_T	T	0.307	-0.028	0.0034	1	5.453e-16	36466
11_17085192_A_C	C	0.257	0.0011	0.0037	1	0.7629	36466
11_92706175_G_A	A	0.465	-0.026	0.0035	1	2.641e-14	36466
12_121403724_G_A	A	0.469	0.0064	0.0033	1	0.0529	36466
12_4238173_C_T	T	0.018	-0.012	0.0097	1	0.2257	36466
12_71433293_C_T	T	0.42	0.0048	0.0034	1	0.1534	36466
12_123544878_A_G	G	0.317	0.0041	0.0036	1	0.2572	36466
12_121460686_T_A	A	0.15	0.0042	0.004	1	0.2972	36466
12_27946919_T_C	C	0.212	0.0016	0.004	1	0.6832	36466
12_121471931_C_T	T	0.142	0.0033	0.004	1	0.4173	36466
13_80619837_C_T	T	0.432	0.0042	0.0033	1	0.1958	36466
13_80616868_G_A	A	0.447	0.0049	0.0033	1	0.1384	36466
14_79955415_C_T	T	0.35	0.0056	0.0035	1	0.1149	36466
15_91527451_T_A	A	0.132	-0.0044	0.0042	1	0.2915	36466
15_38834033_T_C	C	0.301	-0.0034	0.0039	1	0.3824	36466
15_57421355_T_C	C	0.384	-0.0018	0.0033	1	0.5935	36466
15_91521337_C_A	A	0.261	-0.0019	0.0035	1	0.5775	36466
16_53798523_G_A	A	0.433	0.0075	0.0035	1	0.03301	36466
16_53816275_C_A	A	0.46	0.0078	0.0033	1	0.01967	36466
16_53816752_A_G	G	0.448	0.0073	0.0033	1	0.0267	36466
16_20376078_G_A	A	0.415	0.001	0.0034	1	0.7707	36466
16_30046042_G_A	A	0.496	0.0028	0.0035	1	0.4297	36466
16_53803156_G_A	A	0.424	0.0073	0.0034	1	0.02982	36466
16_53812614_G_A	A	0.46	0.0062	0.0033	1	0.06061	36466
17_3842491_G_A	A	0.23	0.0054	0.0044	1	0.2203	36466
17_4156160_G_A	A	0.336	-0.0056	0.0033	1	0.09292	36466
17_3985864_G_A	A	0.288	-0.0046	0.0035	1	0.1895	36466
17_65938655_G_A	A	0.221	-0.0047	0.004	1	0.2429	36466
17_61857937_T_G	G	0.325	0.0035	0.0037	1	0.3499	36466
18_57793589_C_A	A	0.367	0.0087	0.0036	1	0.01544	36466
18_57751960_T_C	C	0.274	0.007	0.0039	1	0.07135	36466
6_26226032_C_G	G	0.267	0.0079	0.0038	1	0.03898	36466
9_22064391_G_A	A	0.342	0.0035	0.0034	1	0.3027	36466
10_124160581_G_A	A	0.45	0.0045	0.0034	1	0.1869	36466
17_76789991_A_T	T	0.473	-0.0051	0.0033	1	0.1221	36466
10_72601396_A_T	T	0.183	-0.0064	0.0041	1	0.1131	36466
5_102538752_T_C	C	0.333	0.0035	0.0035	1	0.3143	36466
7_28196413_G_A	A	0.491	0.0036	0.0033	1	0.268	36466
7_28179396_C_T	T	0.397	0.0034	0.0034	1	0.3107	36466
7_28183702_T_C	C	0.371	0.003	0.0034	1	0.3728	36466
7_28185091_A_G	G	0.274	0.0031	0.0036	1	0.3841	36466
7_28185891_T_C	C	0.483	0.004	0.0033	1	0.2176	36466
7_28208836_T_G	G	0.15	0.0033	0.0048	1	0.4872	36466
7_28260312_G_A	A	0.45	0.0037	0.0041	1	0.3704	36466
7_28224053_A_G	G	0.353	0.0016	0.0034	1	0.6458	36466
20_51256226_G_A	A	0.358	0.0038	0.0034	1	0.2605	36466
14_74978865_C_T	T	0.385	0.006	0.0063	1	0.3376	36466
7_28180556_T_C	C	0.487	0.0035	0.0033	1	0.2834	36466
4_95019816_C_A	A	0.465	-0.001	0.0033	1	0.7578	36466
15_77872039_G_C	C	0.333	5e-4	0.0033	1	0.8722	36466
2_227180619_G_T	T	0.367	0.0056	0.0034	1	0.1008	36466
7_28172586_T_C	C	0.199	-0.0023	0.004	1	0.5606	36466
3_64710253_G_A	A	0.45	-0.002	0.0034	1	0.5477	36466
2_227179630_C_G	G	0.383	0.0055	0.0034	1	0.1033	36466
6_32254654_A_G	G	0.396	0.0054	0.0034	1	0.112	36466
6_32574060_A_C	C	0.204	0.0049	0.0045	1	0.277	36466
6_32594328_C_T	T	0.217	0.0034	0.0042	1	0.4208	36466
6_32670214_A_C	C	0.167	0.0065	0.0038	1	0.08798	36466
6_32439828_G_A	A	0.417	-7e-4	0.0037	1	0.853	36466
6_20652717_C_G	G	0.308	-0.0064	0.0034	1	0.06126	36466
6_20652765_A_G	G	0.146	-0.014	0.0043	1	0.001225	36466
6_20716253_G_A	A	0.204	-0.015	0.0039	1	1.217e-4	36466
9_125990243_C_T	T	0.058	-0.011	0.0063	1	0.0795	36466
17_76799898_A_G	G	0.495	-0.013	0.0061	1	0.03116	36466
2_43554397_T_A	A	0.158	0.0081	0.0043	1	0.05838	36466
2_43554972_C_A	A	0.212	0.0082	0.0043	1	0.05288	36466
6_140595744_T_C	C	0.208	-0.0064	0.004	1	0.107	36466
11_35017205_G_T	T	0.257	0.0034	0.0035	1	0.3387	36466
6_7317608_G_A	A	0.208	0.0029	0.0041	1	0.4836	36466
6_20641336_C_T	T	0.106	-0.014	0.0047	1	0.002395	36466
6_20584423_G_A	A	0.315	-0.0032	0.0034	1	0.3458	36466
6_20667799_A_G	G	0.125	-0.014	0.0045	1	0.001393	36466
6_20683164_G_A	A	0.277	-0.01	0.0034	1	0.002732	36466
6_20740296_C_T	T	0.372	-0.0017	0.0033	1	0.602	36466
6_20667688_C_T	T	0.111	-0.015	0.0046	1	7.918e-4	36466
6_20720279_T_C	C	0.097	-0.015	0.0046	1	0.001377	36466
6_20725007_T_A	A	0.214	-0.014	0.0039	1	3.209e-4	36466
6_20725097_T_A	A	0.092	-0.015	0.0046	1	0.001491	36466
6_20844151_G_A	A	0.379	-0.0075	0.0035	1	0.02926	36466
6_20576666_G_A	A	0.301	-0.0017	0.0034	1	0.6087	36466
6_20654897_T_C	C	0.167	-0.014	0.0042	1	6.529e-4	36466
6_20667382_T_C	C	0.314	-0.0067	0.0034	1	0.05172	36466
6_20719393_A_C	C	0.092	-0.015	0.0046	1	0.001224	36466
6_20773560_G_A	A	0.433	-0.004	0.0033	1	0.2271	36466
6_20545468_A_G	G	0.381	-0.004	0.0033	1	0.2284	36466
6_20599628_C_T	T	0.302	-0.0034	0.0034	1	0.3104	36466
6_20580893_G_T	T	0.301	-0.0019	0.0034	1	0.5757	36466
6_20686996_C_A	A	0.281	-0.01	0.0035	1	0.003869	36466
6_20719232_T_A	A	0.15	-0.016	0.0041	1	9.38e-5	36466
6_20723057_T_C	C	0.142	-0.015	0.0042	1	3.11e-4	36466
6_140468458_C_G	G	0.113	-0.0065	0.0039	1	0.1002	36466
6_140518916_C_T	T	0.208	-0.0022	0.0043	1	0.6102	36466
6_126704795_C_T	T	0.388	-0.0043	0.0033	1	0.2011	36466
6_126785062_A_G	G	0.42	-0.0033	0.0033	1	0.3115	36466
6_126970895_C_A	A	0.456	-6e-4	0.0033	1	0.8457	36466
6_130354855_T_C	C	0.305	0.0082	0.0037	1	0.02694	36466
6_140585723_T_G	G	0.167	-0.0069	0.004	1	0.08157	36466
6_7195009_G_A	A	0.207	0.006	0.0039	1	0.1181	36466
3_183701147_G_C	C	0.408	-0.004	0.0032	1	0.2223	36466
6_43825459_G_T	T	0.422	-0.01	0.0037	1	0.004667	36466
6_153416912_G_A	A	0.389	-0.0093	0.0033	1	0.00459	36466
6_140433292_G_A	A	0.16	-0.0063	0.0039	1	0.1087	36466
6_126755055_A_G	G	0.408	-0.0033	0.0033	1	0.3156	36466
6_126877523_A_G	G	0.447	-0.0017	0.0033	1	0.6041	36466
12_123491572_G_A	A	0.288	0.0032	0.0039	1	0.4096	36466
10_77626488_C_G	G	0.299	0.0011	0.0038	1	0.7835	36466
1_219756193_C_T	T	0.258	-0.011	0.0039	1	0.002906	36466
9_22051670_G_C	C	0.367	0.0014	0.0033	1	0.6683	36466
6_20528834_G_A	A	0.132	-7e-4	0.0053	1	0.8946	36466
6_20648762_A_G	G	0.45	0.0052	0.0034	1	0.1241	36466
6_20656767_G_A	A	0.2	0.0022	0.0041	1	0.5824	36466
6_20719561_G_A	A	0.15	-0.016	0.0041	1	9.506e-5	36466
6_20629708_C_T	T	0.136	-0.0087	0.0041	1	0.0331	36466
6_20634428_G_T	T	0.133	-0.0093	0.0041	1	0.02374	36466
6_20639409_C_T	T	0.121	-0.01	0.0042	1	0.01305	36466
6_20717255_T_C	C	0.164	-0.016	0.0041	1	7.792e-5	36466
6_20757646_T_A	A	0.451	0.0063	0.0033	1	0.05675	36466
6_20774313_T_C	C	0.458	0.0065	0.0034	1	0.05838	36466
6_43826681_C_T	T	0.233	-0.0084	0.0039	1	0.02926	36466
10_94495753_C_A	A	0.447	-0.0052	0.0035	1	0.1375	36466
6_127251021_G_A	A	0.115	5e-4	0.0049	1	0.9159	36466
12_61227957_T_C	C	0.18	0.0059	0.0046	1	0.1974	36466
17_17783748_A_G	G	0.332	-0.0018	0.0033	1	0.5963	36466
2_227062080_A_G	G	0.358	0.0072	0.0035	1	0.03833	36466
13_41607087_C_T	T	0.375	-0.0018	0.0033	1	0.5845	36466
13_109944192_C_T	T	0.416	0.0041	0.0034	1	0.2188	36466
13_51085041_G_A	A	0.257	-2e-4	0.0041	1	0.9543	36466
13_58314069_T_G	G	0.235	-0.01	0.0038	1	0.009139	36466
6_137291971_G_A	A	0.208	0.003	0.0037	1	0.4231	36466
11_27734420_T_C	C	0.319	0.0061	0.0036	1	0.08567	36466
13_51096095_A_T	T	0.314	0.0031	0.0037	1	0.4055	36466
4_95032367_G_A	A	0.492	-0.0014	0.0033	1	0.6797	36466
5_74466737_C_T	T	0.367	-0.0025	0.0034	1	0.4601	36466
7_104667334_G_A	A	0.164	0.0036	0.0045	1	0.4208	36466
3_86874663_T_G	G	0.385	-6e-4	0.0034	1	0.8512	36466
5_55861786_C_T	T	0.195	0.0035	0.0043	1	0.4119	36466
6_20741383_G_A	A	0.392	-0.0025	0.0033	1	0.4411	36466
7_130466854_A_G	G	0.45	0.0039	0.0033	1	0.2365	36466
6_20662123_A_G	G	0.456	0.0053	0.0033	1	0.1165	36466
3_185530322_G_A	A	0.248	-0.012	0.0037	1	0.001447	36466
3_49792158_T_G	G	0.46	-0.0049	0.0033	1	0.1451	36466
3_46957298_G_A	A	0.35	0.0035	0.0035	1	0.3163	36466
3_185534482_G_A	A	0.296	-0.011	0.0035	1	0.001526	36466
3_64701146_A_G	G	0.243	-0.0013	0.0036	1	0.7166	36466
3_64704891_T_C	C	0.25	0	0.0035	1	0.9942	36466
3_69791738_G_A	A	0.274	0.0028	0.0043	1	0.51	36466
4_89706643_C_G	G	0.469	0.0095	0.0033	1	0.003569	36466
3_149183359_C_T	T	0.442	0.0071	0.0034	1	0.03644	36466
17_47106878_T_G	G	0.345	-0.0011	0.0035	1	0.7653	36466
10_112813225_C_T	T	0.181	-0.0067	0.0043	1	0.1189	36466
17_37556431_G_C	C	0.25	-2e-4	0.0039	1	0.9655	36466
17_17770965_T_C	C	0.319	-0.0027	0.0034	1	0.4183	36466
17_4184641_C_A	A	0.284	0.0083	0.0065	1	0.1997	36466
16_53806280_C_G	G	0.438	0.0073	0.0033	1	0.02904	36466
16_53831146_C_T	T	0.475	0.0075	0.0033	1	0.02468	36466
16_53801549_C_T	T	0.475	0.0071	0.0034	1	0.03672	36466
16_53819198_G_C	C	0.442	0.007	0.0033	1	0.03494	36466
16_75246419_C_T	T	0.124	0.0046	0.0048	1	0.3432	36466
16_53799905_A_G	G	0.483	0.0071	0.0034	1	0.03717	36466
16_53830452_A_G	G	0.483	0.0075	0.0033	1	0.02469	36466
16_53830465_A_G	G	0.482	0.0076	0.0033	1	0.02301	36466
16_53830491_T_C	C	0.475	0.0075	0.0033	1	0.02465	36466
18_36285281_A_G	G	0.133	0.0036	0.0051	1	0.4862	36466
16_53819169_T_C	C	0.427	0.0076	0.0034	1	0.02564	36466
16_53799507_G_A	A	0.464	0.0071	0.0034	1	0.03683	36466
16_53800568_G_A	A	0.482	0.0072	0.0034	1	0.03354	36466
16_53800754_G_A	A	0.487	0.0071	0.0034	1	0.03853	36466
7_14898152_T_C	C	0.258	-0.0081	0.0034	1	0.01619	36466
18_57869750_C_T	T	0.341	0.0023	0.0035	1	0.5087	36466
18_58052665_C_T	T	0.033	-0.0037	0.0091	1	0.6827	36466
18_57912785_G_A	A	0.332	0.0034	0.0035	1	0.3313	36466
18_56881633_C_A	A	0.15	-0.0017	0.0041	1	0.6744	36466
4_153411843_T_C	C	0.274	9e-4	0.0035	1	0.7951	36466
