VAR_ID	Effect_Allele_PH	MAF_PH	BETA	SE	OR_TRUST	P_VALUE	N_PH
4_6292915_A_G	G	0.323	0.0085	0.004	1	0.0347	37037
4_6293350_T_C	C	0.317	0.009	0.0041	1	0.02892	37037
4_6294607_G_A	A	0.281	0.0094	0.0041	1	0.02385	37037
4_153252061_A_G	G	0.274	0.0053	0.0044	1	0.2271	37037
5_101554481_C_T	T	0	-9e-4	0.0085	1	0.9193	37037
5_78581371_T_A	A	0.345	0.011	0.004	1	0.004972	37037
19_33910740_C_T	T	0.424	-0.008	0.004	1	0.04624	37037
5_102704259_T_C	C	0.248	0	0.0045	1	0.9914	37037
9_22036112_G_T	T	0.375	0.0079	0.004	1	0.04769	37037
8_11144314_T_C	C	0.465	-0.0061	0.004	1	0.127	37037
8_10813904_G_T	T	0.458	0.01	0.0043	1	0.01632	37037
8_11130977_G_T	T	0.4	0.007	0.004	1	0.0783	37037
22_44336310_A_G	G	0.208	0.01	0.005	1	0.04603	37037
8_10990672_C_T	T	0.39	0.014	0.0041	1	9.598e-4	37037
6_20577561_G_T	T	0.405	-0.0029	0.0044	1	0.5162	37037
10_114742835_G_A	A	0.412	-0.0022	0.0043	1	0.6148	37037
2_43552460_G_C	C	0.112	0.0059	0.0064	1	0.3623	37037
2_161087411_T_C	C	0.252	0.0064	0.0045	1	0.152	37037
2_227019461_C_T	T	0.226	-0.0018	0.005	1	0.7122	37037
2_165508389_C_T	T	0.441	-0.012	0.0041	1	0.002618	37037
2_43839896_G_A	A	0.1	0.0061	0.0063	1	0.3311	37037
2_43840048_G_A	A	0.1	0.0061	0.0063	1	0.3332	37037
2_43690030_C_T	T	0.124	0.013	0.007	1	0.07472	37037
2_227041527_A_C	C	0.142	-0.0031	0.0056	1	0.5841	37037
7_69641784_A_G	G	0.186	0.0039	0.0046	1	0.3947	37037
7_18267499_C_T	T	0.292	0.0071	0.0045	1	0.1197	37037
7_15993577_A_G	G	0.317	-0.006	0.0045	1	0.1801	37037
7_89912301_G_A,T	A	0.237	0.0032	0.0049	1	0.5148	37037
5_157994544_A_G	G	0.267	0.01	0.0051	1	0.0422	37037
5_102690633_C_A	A	0.381	-0.003	0.0041	1	0.4654	37037
19_12492039_G_T	T	0.482	0.0017	0.0041	1	0.6685	37037
19_19643028_C_A	A	0.354	-0.0089	0.0042	1	0.03446	37037
8_8890041_A_G	G	0.496	0.0019	0.004	1	0.6271	37037
4_6304242_T_C	C	0.252	0.0046	0.0044	1	0.2931	37037
4_6304286_C_T	T	0.208	0.0018	0.0044	1	0.6881	37037
9_34012222_T_A	A	0.275	0.003	0.0044	1	0.5024	37037
5_101946548_G_C	C	0.254	0.012	0.0044	1	0.007046	37037
5_101918306_T_C	C	0.31	0.0082	0.0042	1	0.04743	37037
2_60669931_T_C	C	0.271	1e-4	0.0045	1	0.9882	37037
2_43806918_C_T	T	0.146	0.0062	0.0064	1	0.329	37037
19_19723215_C_T	T	0.102	-0.0015	0.0077	1	0.8415	37037
6_7281654_A_G	G	0.394	0.0022	0.004	1	0.5915	37037
8_8378422_C_T	T	0.296	-1e-4	0.0043	1	0.9808	37037
8_10652352_A_G	G	0.25	0.0061	0.0048	1	0.2065	37037
12_39422793_T_C	C	0.451	-0.0041	0.0042	1	0.3265	37037
9_96945748_C_T	T	0.263	-0.0032	0.0045	1	0.4749	37037
4_104214616_A_G	G	0.385	3e-4	0.0041	1	0.9487	37037
14_33293122_A_G	G	0.447	-9e-4	0.0043	1	0.8337	37037
15_84591575_A_G	G	0.475	-0.0013	0.004	1	0.7526	37037
15_90425002_C_A	A	0.281	-0.0038	0.0044	1	0.3915	37037
17_4008820_G_A	A	0.137	-2e-4	0.0053	1	0.9734	37037
6_31146403_C_T	T	0.195	0.0075	0.005	1	0.135	37037
1_205115150_C_A	A	0.25	0.0036	0.0046	1	0.4346	37037
5_14847331_G_A	A	0.449	-0.0024	0.0042	1	0.5633	37037
1_205129319_G_A	A	0.258	0.0049	0.0047	1	0.2976	37037
9_22003367_G_A	A	0.451	0.0088	0.0041	1	0.03036	37037
10_121701160_G_T	T	0.242	-0.0023	0.0047	1	0.6221	37037
12_71597470_A_C	C	0.283	-0.0015	0.0043	1	0.7347	37037
10_94477219_T_A	A	0.367	4e-4	0.004	1	0.9173	37037
9_4292083_G_A	A	0.464	-0.006	0.004	1	0.1372	37037
10_71469969_G_T	T	0.482	0.0015	0.0041	1	0.7248	37037
11_92706944_A_G	G	0.482	0.0024	0.0042	1	0.5656	37037
11_13340710_T_A	A	0.233	-0.0011	0.0045	1	0.79990000000000006	37037
11_2826199_A_G	G	0.035	0.022	0.0096	1	0.02311	37037
11_9836114_A_T	T	0.192	0.0061	0.011	1	0.5685	37037
12_26299270_C_G	G	0.31	0.007	0.0042	1	0.09715	37037
9_139269338_C_T	T	0.487	-0.0014	0.0044	1	0.7553	37037
10_94190580_A_G	G	0.292	-0.0028	0.0046	1	0.5446	37037
10_94367230_A_G	G	0.392	6e-4	0.004	1	0.8724	37037
10_112697241_C_T	T	0.212	-8e-4	0.0047	1	0.865	37037
10_114781297_A_C	C	0.434	-0.006	0.004	1	0.1311	37037
11_72710761_T_C	C	0.363	0.0063	0.004	1	0.1202	37037
1_29054752_T_G	G	0.46	-0.0046	0.0041	1	0.2518	37037
9_22013411_G_T	T	0.492	0.0034	0.0039	1	0.3805	37037
9_22128600_G_A	A	0.336	-0.0024	0.0055	1	0.6592	37037
9_22134094_T_C	C	0.199	-0.0054	0.0052	1	0.3006	37037
10_80927961_T_C	C	0.191	-0.0077	0.0048	1	0.11	37037
11_92681013_C_T	T	0.283	0.008	0.0045	1	0.0754	37037
11_92694757_A_G	G	0.389	0.0098	0.0042	1	0.01879	37037
11_17394073_C_G	G	0.402	-8e-4	0.004	1	0.8464	37037
11_43822885_A_G	G	0.191	-0.0059	0.0046	1	0.195	37037
12_27965150_C_T	T	0.199	9e-4	0.0052	1	0.8636	37037
12_27967385_A_T	T	0.263	-0.002	0.0054	1	0.7082	37037
12_4033222_G_C	C	0.225	-0.0038	0.0051	1	0.4618	37037
16_53804965_T_C	C	0.438	0.013	0.0041	1	0.001886	37037
18_57851763_A_G	G	0.27	0.011	0.005	1	0.02983	37037
1_93421930_A_G	G	0.458	0.0068	0.0039	1	0.08371	37037
12_66347870_A_C	C	0.221	0.017	0.0084	1	0.04116	37037
10_94117786_C_T	T	0.433	-0.0035	0.004	1	0.3838	37037
10_94374377_C_T	T	0.438	0.001	0.004	1	0.796	37037
10_94387676_T_A	A	0.405	6e-4	0.004	1	0.8866	37037
10_94394402_T_G	G	0.356	3e-4	0.0041	1	0.9359	37037
10_94460687_C_G	G	0.467	-0.0038	0.0039	1	0.3324	37037
10_94466495_G_C	C	0.441	-0.0026	0.004	1	0.5071	37037
10_114761697_A_C	C	0.415	-0.0068	0.004	1	0.09049	37037
10_114777724_A_G	G	0.417	-0.0062	0.004	1	0.1149	37037
10_114808072_T_C	C	0.425	-0.0058	0.004	1	0.1502	37037
1_177809560_G_C	C	0.252	0.0094	0.0064	1	0.1436	37037
1_29073292_A_G	G	0.408	-0.0032	0.004	1	0.4256	37037
1_20733236_C_G	G	0.402	0.0073	0.0042	1	0.08564	37037
1_120489057_A_T	T	0.144	0.0035	0.0062	1	0.5692	37037
2_227184631_C_T	T	0.358	0.0047	0.0044	1	0.2877	37037
3_123130684_C_T	T	0.25	-0.0049	0.0052	1	0.3409	37037
4_6295087_T_A	A	0.25	0.0086	0.004	1	0.03439	37037
4_6295217_T_C	C	0.263	0.0086	0.004	1	0.03442	37037
4_6295322_C_G	G	0.25	0.0072	0.0043	1	0.0969	37037
4_6295451_A_G	G	0.267	0.0087	0.0041	1	0.03136	37037
4_6306763_G_C	C	0.283	0.0089	0.0042	1	0.03453	37037
5_54873285_C_T	T	0.288	-0.0044	0.0043	1	0.3011	37037
6_20601693_A_G	G	0.291	-2e-4	0.0044	1	0.9634	37037
6_20661034_A_C	C	0.336	-0.0052	0.0042	1	0.211	37037
6_20717404_A_G	G	0.165	-0.0092	0.0051	1	0.07071	37037
6_20753441_C_T	T	0.367	6e-4	0.0044	1	0.8936	37037
6_20758760_A_G	G	0.456	0.0022	0.004	1	0.5829	37037
7_14887734_G_A	A	0.5	-0.0067	0.004	1	0.09607	37037
7_15057829_G_A	A	0.492	0.001	0.0041	1	0.7984	37037
9_19080352_A_G	G	0.35	0.0039	0.0041	1	0.3381	37037
9_22029445_G_A	A	0.491	0.0052	0.0039	1	0.1885	37037
9_22067276_T_A	A	0.416	0.0074	0.0041	1	0.07234	37037
9_22130065_A_G	G	0.128	-0.0073	0.0069	1	0.2875	37037
9_22130515_G_A	A	0.121	-0.0072	0.0069	1	0.2932	37037
9_22133284_G_A	A	0.195	-0.0061	0.0054	1	0.2546	37037
9_4291928_A_C	C	0.392	-0.0045	0.0042	1	0.2889	37037
11_92667730_G_C	C	0.341	0.0065	0.0044	1	0.1355	37037
11_92690661_T_C	C	0.286	0.0081	0.0046	1	0.07949	37037
11_93061244_G_C	C	0.38	0.0051	0.0041	1	0.2111	37037
11_49448818_C_T	T	0.07	3e-4	0.0075	1	0.9633	37037
11_49502848_T_C	C	0.06	0.0033	0.008	1	0.6824	37037
11_2107107_G_A	A	0.164	0.0016	0.0059	1	0.7918	37037
11_2204288_G_T	T	0.408	-0.001	0.005	1	0.8442	37037
12_27922074_T_C	C	0.157	0.0022	0.0047	1	0.647	37037
12_4374373_A_G	G	0.186	0.0039	0.0054	1	0.4695	37037
6_7288544_A_C	C	0.385	-0.0012	0.0066	1	0.8602	37037
15_63922474_T_C	C	0.367	-0.012	0.0041	1	0.003262	37037
16_69909115_G_A	A	0.472	8e-4	0.004	1	0.8388	37037
16_53805207_C_A	A	0.483	0.014	0.0041	1	4.564e-4	37037
16_53815161_T_G	G	0.425	0.012	0.004	1	0.002784	37037
16_53819877_C_T	T	0.407	0.015	0.004	1	3.066e-4	37037
16_53819893_A_G	G	0.448	0.015	0.004	1	3.024e-4	37037
19_46157463_G_A	A	0.133	-0.0055	0.0072	1	0.4464	37037
10_81043372_G_C	C	0.5	0.0048	0.0042	1	0.2454	37037
1_219622072_T_A	A	0.458	0.0088	0.0041	1	0.02994	37037
2_100750750_A_C	C	0.267	-0.0048	0.0047	1	0.2989	37037
3_15873407_A_G	G	0.416	-0.013	0.0041	1	0.001859	37037
3_47181661_C_A	A	0.465	3e-4	0.004	1	0.9356	37037
3_50003246_C_T	T	0.431	0.0076	0.0039	1	0.0525	37037
9_81342657_A_T	T	0.358	0.0013	0.0041	1	0.756	37037
18_57852948_A_C	C	0.283	0.012	0.0049	1	0.01656	37037
14_69502145_G_A	A	0.332	0.0077	0.0042	1	0.06968	37037
10_93961517_T_C	C	0.279	-0.0029	0.0044	1	0.5062	37037
10_94214580_A_G	G	0.356	6e-4	0.0041	1	0.8915	37037
10_94257976_C_T	T	0.259	-0.0023	0.0048	1	0.627	37037
10_94262359_T_A	A	0.35	7e-4	0.0041	1	0.8616	37037
10_94308253_T_C	C	0.288	-0.0061	0.0045	1	0.1712	37037
10_94340705_C_G	G	0.356	8e-4	0.0041	1	0.8421	37037
10_94368178_G_A	A	0.212	0.0027	0.0051	1	0.6032	37037
10_94406237_A_T	T	0.353	5e-4	0.0042	1	0.9133	37037
10_114734096_A_G	G	0.276	-0.01	0.0055	1	0.06169	37037
10_114749018_G_A	A	0.075	-0.0071	0.0097	1	0.4642	37037
10_114801938_C_G	G	0.408	-0.0066	0.004	1	0.09379	37037
10_114803307_A_T	T	0.051	-0.012	0.01	1	0.2164	37037
10_114807047_G_C	C	0.42	-0.006	0.004	1	0.1288	37037
10_114811316_T_C	C	0.425	-0.0062	0.004	1	0.119	37037
10_114821249_T_C	C	0.42	-0.0056	0.004	1	0.1587	37037
10_114821554_C_T	T	0.433	-0.0055	0.004	1	0.1706	37037
1_39620957_A_C	C	0.258	-0.012	0.0044	1	0.005639	37037
1_72883303_A_G	G	0.178	0.0048	0.0052	1	0.3536	37037
16_53809247_G_A	A	0.482	0.014	0.0041	1	5.03e-4	37037
2_25675712_A_G	G	0.237	-0.0052	0.0046	1	0.2531	37037
6_7275926_A_G	G	0.385	0.0048	0.0041	1	0.2387	37037
8_11411005_G_C	C	0.482	0.01	0.0045	1	0.02377	37037
10_12307894_C_T	T	0.265	-1e-4	0.005	1	0.985	37037
10_13536073_C_A	A	0.381	-0.0047	0.0041	1	0.2476	37037
15_84580582_A_C	C	0.496	-6e-4	0.0039	1	0.8716	37037
2_165528624_G_T	T	0.438	-0.012	0.0041	1	0.002246	37037
10_98981643_T_C	C	0.242	0.0028	0.0042	1	0.5007	37037
7_15059272_A_C	C	0.5	-0.0024	0.0041	1	0.5561	37037
11_92679778_C_T	T	0.339	0.0079	0.0042	1	0.0599	37037
8_118185733_A_G	G	0.252	0.0016	0.0044	1	0.714	37037
11_72727840_A_G	G	0.15	0.0093	0.0049	1	0.05645	37037
11_72615069_C_G	G	0.125	0.011	0.005	1	0.03428	37037
11_2825871_C_T	T	0.035	0.027	0.013	1	0.03731	37037
11_72432985_G_A	A	0.129	0.0086	0.0053	1	0.1054	37037
11_49684925_C_T	T	0.067	0.0017	0.0073	1	0.8176	37037
10_104909890_A_G	G	0.212	0.0026	0.0048	1	0.5933	37037
15_77747276_A_G	G	0.308	-0.0012	0.0042	1	0.7828	37037
15_77403228_G_A	A	0.376	-0.0059	0.0041	1	0.1479	37037
16_53845487_C_A	A	0.45	0.017	0.0043	1	8.165e-5	37037
18_57767635_T_C	C	0.199	0.012	0.0055	1	0.03325	37037
18_57876227_T_C	C	0.279	0.011	0.0047	1	0.02428	37037
18_57876034_C_T	T	0.279	0.0097	0.0047	1	0.03646	37037
19_46172278_G_A	A	0.084	-0.0086	0.0078	1	0.2668	37037
2_27558252_A_G	G	0.447	0.0087	0.0042	1	0.04019	37037
2_226965347_G_T	T	0.225	-4e-4	0.0047	1	0.9269	37037
12_121416650_A_C	C	0.283	-0.0053	0.0043	1	0.2103	37037
21_47764477_T_C	C	0.27	-0.0063	0.0048	1	0.1898	37037
3_185544309_G_A	A	0.447	-0.0074	0.0041	1	0.06815	37037
3_185497293_C_T	T	0.248	-0.0094	0.0045	1	0.036	37037
3_123065778_A_G	G	0.226	-0.001	0.0051	1	0.8395	37037
3_47198826_G_A	A	0.45	3e-4	0.004	1	0.9406	37037
3_123066010_A_G	G	0.458	0.0047	0.004	1	0.2399	37037
3_12188495_A_G	G	0.05	-0.021	0.0081	1	0.01014	37037
3_12336507_G_A	A	0.097	-0.017	0.0059	1	0.005027	37037
3_185526690_T_A	A	0.29	-0.0067	0.0042	1	0.1153	37037
3_136182053_C_T	T	0.23	0.0075	0.0047	1	0.1074	37037
3_185506003_T_C	C	0.259	-0.01	0.0046	1	0.02761	37037
3_12267084_G_T	T	0.033	-0.021	0.0088	1	0.0146	37037
6_76340662_G_T	T	0.342	0.001	0.0042	1	0.8108	37037
6_41082688_G_A	A	0.167	0.0051	0.0049	1	0.2992	37037
7_14923907_A_T	T	0.11	0.0066	0.0059	1	0.2676	37037
7_14877519_G_C	C	0.033	0.0073	0.0072	1	0.3091	37037
8_118220270_T_C	C	0.233	0.0016	0.0053	1	0.7584	37037
11_118949083_G_A	A	0.371	0.0044	0.0041	1	0.2835	37037
8_11020313_G_T	T	0.392	0.012	0.0042	1	0.003789	37037
7_157038803_A_G	G	0.376	-0.0038	0.0042	1	0.3726	37037
7_157058557_G_A	A	0.376	0.0018	0.007	1	0.7996	37037
15_91530158_T_C	C	0.183	6e-4	0.0046	1	0.8892	37037
15_77896786_G_A	A	0.325	3e-4	0.0041	1	0.9454	37037
15_77596725_C_T	T	0.23	-0.0032	0.0044	1	0.4718	37037
18_58049192_A_C	C	0.018	-0.0045	0.011	1	0.6822	37037
19_46304400_G_A	A	0.383	6e-4	0.0043	1	0.8825	37037
2_43848550_A_T	T	0.047	0.0062	0.0063	1	0.3234	37037
2_43849406_A_C	C	0.096	0.0068	0.0063	1	0.2828	37037
2_43850031_A_G	G	0.1	0.0068	0.0063	1	0.2847	37037
2_43618819_C_T	T	0.067	0.0088	0.0071	1	0.22	37037
2_43850357_G_C	C	0.102	0.0069	0.0063	1	0.2765	37037
2_43848664_T_C	C	0.138	0.0066	0.0063	1	0.294	37037
3_12210132_C_T	T	0.008	0.022	0.012	1	0.06037	37037
4_153291513_C_T	T	0.25	0.0048	0.0044	1	0.2674	37037
4_20116918_C_T	T	0.217	0.0013	0.0061	1	0.8282	37037
4_20158619_A_T	T	0.2	-0.0015	0.0059	1	0.796	37037
6_20534974_T_C	C	0.08	-0.014	0.0097	1	0.1436	37037
6_20602797_A_G	G	0.308	1e-4	0.0041	1	0.9876	37037
6_20647962_T_A	A	0.46	0.0032	0.004	1	0.4296	37037
6_20841480_T_C	C	0.058	-9e-4	0.0069	1	0.8967	37037
7_130433594_C_G	G	0.267	0.007	0.0044	1	0.1118	37037
7_14882428_G_A	A	0.164	0.0058	0.0058	1	0.3178	37037
9_3281518_T_C	C	0.112	0.0054	0.0062	1	0.3808	37037
1_205134987_T_C	C	0.267	0.0038	0.0046	1	0.4075	37037
1_51246155_C_T	T	0.084	0.0038	0.0071	1	0.5945	37037
2_43678759_C_G	G	0.079	0.013	0.007	1	0.07051	37037
2_43676433_T_G	G	0.079	0.013	0.007	1	0.07133	37037
6_20724558_T_G	G	0.201	-0.008	0.0048	1	0.09658	37037
7_102482527_T_C	C	0.173	-0.0037	0.005	1	0.4598	37037
14_79681303_A_G	G	0.2	0.016	0.0093	1	0.07674	37037
16_53842908_G_A	A	0.45	0.015	0.0041	1	1.717e-4	37037
13_80707429_A_G	G	0.274	0.011	0.0044	1	0.01523	37037
6_20764317_A_G	G	0.466	0.0024	0.004	1	0.548	37037
6_20800635_G_C	C	0.233	0.0021	0.0048	1	0.6591	37037
9_19029137_T_C	C	0.4	0.0017	0.0041	1	0.6729	37037
10_114820191_T_C	C	0.097	-0.0059	0.0081	1	0.465	37037
10_114808902_G_T	T	0.248	-0.0083	0.0046	1	0.07138	37037
10_114810240_T_C	C	0.425	-0.0062	0.004	1	0.1178	37037
10_114764959_C_G	G	0.043	-0.013	0.01	1	0.1869	37037
11_47886541_T_G	G	0.034	0.019	0.0089	1	0.03633	37037
11_34951606_T_C	C	0.113	0.001	0.0064	1	0.8776	37037
12_132473372_C_G	G	0.138	-0.011	0.011	1	0.3112	37037
12_4406281_A_G	G	0.491	0	0.0043	1	0.9977	37037
2_165540800_T_C	C	0.147	-0.017	0.0061	1	0.006675	37037
9_125808861_C_A	A	0.15	-0.018	0.0059	1	0.002926	37037
9_4262516_G_A	A	0.223	0.0052	0.0049	1	0.2958	37037
1_29047110_C_T	T	0.465	-0.0033	0.004	1	0.4072	37037
2_43815945_A_G	G	0.1	0.006	0.0063	1	0.3413	37037
2_67900067_C_A	A	0.321	-0.0067	0.0046	1	0.1435	37037
2_43812317_G_A	A	0.142	0.0049	0.0064	1	0.4446	37037
2_161194255_C_T	T	0.208	0.0079	0.0049	1	0.1058	37037
3_12177661_A_G	G	0.008	0.021	0.012	1	0.07165	37037
3_170561907_C_T	T	0.177	0.004	0.0047	1	0.3986	37037
4_104095505_T_G	G	0.392	0.0045	0.004	1	0.2619	37037
10_81010850_T_G	G	0.336	0.0014	0.0047	1	0.7647	37037
4_104011241_T_A	A	0.178	0.0018	0.0049	1	0.7203	37037
6_20671282_A_G	G	0.042	-0.0052	0.0085	1	0.5363	37037
8_41506380_A_G	G	0.384	-0.0012	0.0041	1	0.7594	37037
10_80942631_A_G	G	0.469	-0.0011	0.004	1	0.7857	37037
11_14789037_G_A	A	0.093	-0.019	0.007	1	0.007276	37037
15_38844106_G_A	A	0.314	3e-4	0.0046	1	0.9436	37037
17_4191323_T_C	C	0.292	0.0018	0.0042	1	0.6649	37037
17_76773638_T_C	C	0.5	-6e-4	0.004	1	0.8831	37037
19_19841752_C_T	T	0.053	0.0065	0.012	1	0.5821	37037
19_47611128_A_G	G	0.325	0.001	0.0044	1	0.8143	37037
19_19721722_G_A	A	0.102	9e-4	0.0076	1	0.9044	37037
19_19721976_C_T	T	0.083	-7e-4	0.0087	1	0.9368	37037
2_59627114_T_G	G	0.449	0.0047	0.0044	1	0.2865	37037
6_127032499_G_A	A	0.424	-0.0025	0.004	1	0.5254	37037
3_94033744_G_T	T	0.434	-0.0093	0.004	1	0.01914	37037
3_185469678_A_G	G	0.422	-0.0084	0.0045	1	0.05987	37037
4_157680199_C_T	T	0.388	-0.012	0.0042	1	0.004419	37037
4_6301058_G_A	A	0.237	0.0049	0.0044	1	0.2632	37037
4_6294759_G_A	A	0.267	0.0086	0.004	1	0.03415	37037
6_31113113_C_A	A	0.042	0.007	0.0072	1	0.3279	37037
15_91458485_G_A	A	0.272	0.0016	0.0041	1	0.7024	37037
8_9481687_G_C	C	0.255	0.0035	0.0041	1	0.3877	37037
8_72502883_C_T	T	0.042	0	0.0083	1	0.9985	37037
3_170707782_G_C	C	0.117	0.0021	0.0055	1	0.6966	37037
16_89630311_G_A	A	0.122	-2e-4	0.0056	1	0.969	37037
10_114813047_C_T	T	0.4	-0.0062	0.004	1	0.1187	37037
1_111193250_C_T	T	0.167	0.0072	0.0058	1	0.2203	37037
1_177811939_C_T	T	0.25	0.0034	0.0053	1	0.517	37037
14_69467023_G_A	A	0.327	0.0076	0.004	1	0.05971	37037
1_219762728_G_C	C	0.172	0.012	0.0053	1	0.0222	37037
10_114839716_G_A	A	0.265	1e-4	0.0051	1	0.9919	37037
11_76453985_G_A	A	0.163	-0.013	0.0052	1	0.01057	37037
12_123728702_G_A	A	0.146	0.0045	0.0052	1	0.3827	37037
12_71518009_T_C	C	0.403	-0.0061	0.0066	1	0.3557	37037
12_123493123_A_G	G	0.237	-4e-4	0.0048	1	0.9329	37037
12_121298644_C_T	T	0.448	-0.0038	0.0039	1	0.3296	37037
14_103874420_G_A	A	0.376	-0.0014	0.0041	1	0.7301	37037
14_74977382_C_T	T	0.438	0.0092	0.0068	1	0.1813	37037
15_91544076_A_G	G	0.252	0.0031	0.0044	1	0.4827	37037
11_2734125_G_A	A	0.415	-0.0045	0.0044	1	0.3103	37037
15_77817288_T_C	C	0.33	-0.0039	0.0043	1	0.3655	37037
15_77807175_G_C	C	0.342	-0.0043	0.0042	1	0.3163	37037
17_4063734_A_G	G	0.133	-0.0012	0.0053	1	0.8212	37037
17_66421260_G_C	C	0.2	-0.0026	0.0048	1	0.595	37037
18_57872989_A_G	G	0.324	0.01	0.0047	1	0.03408	37037
18_57903604_T_C	C	0.282	0.009	0.0048	1	0.05846	37037
18_57911330_A_G	G	0.314	0.0097	0.0047	1	0.0376	37037
18_57859563_C_A	A	0.279	0.011	0.0047	1	0.02392	37037
18_57884750_G_A	A	0.279	0.0084	0.0047	1	0.07587	37037
2_202970250_C_T	T	0.491	0.0065	0.004	1	0.09935	37037
2_60579624_C_T	T	0.434	-9e-4	0.004	1	0.8296	37037
20_51036404_C_T	T	0.198	-0.011	0.0051	1	0.02444	37037
5_101978990_G_A	A	0.348	0.0079	0.004	1	0.05125	37037
3_185525199_A_G	G	0.241	-0.01	0.0046	1	0.02756	37037
3_12369401_C_T	T	0.097	-0.017	0.0058	1	0.004253	37037
3_12217797_C_T	T	0.05	-0.021	0.0082	1	0.01006	37037
3_12275447_G_A	A	0.042	-0.021	0.0081	1	0.01017	37037
3_12289800_A_G	G	0.042	-0.021	0.0079	1	0.008895	37037
3_12365308_G_T	T	0.097	-0.017	0.0058	1	0.004172	37037
3_12301360_G_T	T	0.066	-0.021	0.008	1	0.008982	37037
3_141069782_G_A	A	0.111	-0.017	0.011	1	0.1133	37037
3_86925437_T_C	C	0.385	6e-4	0.0041	1	0.8882	37037
4_6293446_T_C	C	0.208	0.0088	0.0041	1	0.03272	37037
4_6294544_A_G	G	0.267	0.0085	0.004	1	0.03509	37037
4_6294630_A_G	G	0.24	0.0085	0.004	1	0.03544	37037
5_51838397_A_G	G	0.422	-0.0036	0.0039	1	0.3619	37037
5_55861359_G_A	A	0.172	0.0083	0.0051	1	0.1048	37037
10_12245520_G_A	A	0.265	-8e-4	0.005	1	0.8775	37037
10_12245314_T_G	G	0.442	0.0026	0.0041	1	0.5314	37037
6_20658218_C_T	T	0.2	-0.0039	0.005	1	0.43120000000000003	37037
6_20630397_G_A	A	0.212	-0.0061	0.005	1	0.2279	37037
6_20678544_C_G	G	0.051	-0.017	0.01	1	0.09809	37037
6_20661021_G_A	A	0.2	-0.004	0.005	1	0.4224	37037
6_20539341_C_T	T	0.067	-0.014	0.0097	1	0.1594	37037
6_20540617_A_G	G	0.08	-0.015	0.0099	1	0.1173	37037
6_20598303_G_A	A	0.08	-0.02	0.0099	1	0.04632	37037
6_7037637_G_A	A	0.433	0.0022	0.004	1	0.5871	37037
6_20574563_A_G	G	0.069	-0.015	0.0098	1	0.1198	37037
8_9799953_G_C	C	0.124	-0.01	0.0059	1	0.08285	37037
8_104376291_T_C	C	0.254	0.0057	0.0047	1	0.2217	37037
8_118184783_C_T	T	0.239	2e-4	0.0048	1	0.9688	37037
8_41578748_C_G	G	0.155	0.012	0.0059	1	0.044	37037
3_23212575_C_A	A	0.042	0.0083	0.0067	1	0.2175	37037
9_22040765_C_T	T	0.375	0.0077	0.004	1	0.05354	37037
9_22065657_G_C	C	0.342	0.0071	0.0041	1	0.08093	37037
9_22136489_A_T	T	0.165	-0.0043	0.0061	1	0.4834	37037
16_75295639_C_A	A	0.105	0.0051	0.0064	1	0.4283	37037
2_43493133_C_T	T	0.142	0.005	0.0064	1	0.4326	37037
2_165528876_C_T	T	0.44	-0.012	0.0041	1	0.002233	37037
2_637830_A_G	G	0.146	0.01	0.0052	1	0.05104	37037
2_43706350_C_G	G	0.083	0.012	0.007	1	0.08971	37037
2_43501686_G_A	A	0.144	0.0045	0.0064	1	0.4766	37037
2_43461119_C_T	T	0.142	0.0058	0.0064	1	0.3676	37037
2_43495108_A_T	T	0.129	0.0049	0.0064	1	0.4442	37037
2_43610027_C_T	T	0.115	0.0055	0.0073	1	0.447	37037
2_43701151_T_C	C	0.083	0.012	0.007	1	0.08111	37037
2_43515483_G_C	C	0.102	0.0052	0.0064	1	0.4224	37037
2_43567218_T_C	C	0.152	0.0087	0.0065	1	0.1826	37037
2_43705265_A_G	G	0.124	0.01	0.0069	1	0.1317	37037
2_43468636_T_C	C	0.173	0.0056	0.0064	1	0.3817	37037
2_227026864_T_A	A	0.358	-0.0081	0.0043	1	0.05888	37037
2_43494221_G_T	T	0.173	0.005	0.0064	1	0.4321	37037
2_43481013_G_A	A	0.173	0.0052	0.0065	1	0.4245	37037
2_59089261_A_C	C	0.308	-0.0019	0.0046	1	0.6816	37037
2_166597357_C_G	G	0.467	8e-4	0.004	1	0.8394	37037
8_116563879_A_C	C	0.333	-0.0076	0.004	1	0.05846	37037
2_43449385_C_T	T	0.142	0.0062	0.0066	1	0.3442	37037
11_92673828_C_T	T	0.272	0.0057	0.0046	1	0.2193	37037
2_43736969_T_C	C	0.083	0.012	0.007	1	0.08928	37037
22_41610391_G_A	A	0.322	-0.0045	0.0041	1	0.2711	37037
22_41610406_C_G	G	0.316	-0.0045	0.0041	1	0.2718	37037
22_41628902_G_T	T	0.317	-0.0039	0.0041	1	0.3478	37037
2_227125416_T_A	A	0.363	0.009	0.0041	1	0.0282	37037
2_227083411_A_G	G	0.363	0.0088	0.0042	1	0.03472	37037
3_183642751_A_G	G	0.482	3e-4	0.0039	1	0.9447	37037
9_22043926_A_G	G	0.427	-0.0098	0.0041	1	0.01576	37037
16_53800954_T_C	C	0.46	0.016	0.0041	1	9.548e-5	37037
3_71569678_G_T	T	0.367	-0.0042	0.004	1	0.2936	37037
5_44859172_C_G	G	0.342	-0.0014	0.0041	1	0.7396	37037
5_44706931_G_A	A	0.383	-9e-4	0.004	1	0.8151	37037
7_130466091_A_G	G	0.42	0.011	0.0043	1	0.01075	37037
8_41272607_A_T	T	0.127	-0.0042	0.006	1	0.4827	37037
11_92718163_A_G	G	0.496	0.0042	0.004	1	0.2958	37037
11_92722761_G_A	A	0.496	0.0033	0.004	1	0.4021	37037
3_123084379_G_A	A	0.456	0.0053	0.0039	1	0.178	37037
18_57861961_G_A	A	0.308	0.011	0.0047	1	0.02331	37037
3_185529174_T_A	A	0.293	-0.02	0.007	1	0.004208	37037
3_185529327_A_G	G	0.241	-0.01	0.0045	1	0.02654	37037
4_95036553_T_A	A	0.491	-0.0036	0.004	1	0.3686	37037
16_53808258_A_G	G	0.341	0.0087	0.0042	1	0.04054	37037
5_74524837_A_G	G	0.375	-0.009	0.0041	1	0.02791	37037
4_103977938_T_A	A	0.389	0.0019	0.004	1	0.6372	37037
9_84305732_T_G	G	0.314	-0.0063	0.0048	1	0.1914	37037
12_71577582_T_C	C	0.482	0.0011	0.004	1	0.7799	37037
3_23454790_A_G	G	0.217	0.013	0.0047	1	0.003754	37037
4_185615764_C_A	A	0.186	-0.0052	0.0053	1	0.3307	37037
2_147852955_T_C	C	0.15	0.0063	0.0055	1	0.2484	37037
8_8696449_T_G	G	0.397	-0.0063	0.0041	1	0.1193	37037
12_71568348_T_G	G	0.474	8e-4	0.004	1	0.8491	37037
2_227073854_C_T	T	0.332	0.0093	0.0042	1	0.02737	37037
2_227128899_G_A	A	0.367	0.0089	0.0041	1	0.03015	37037
2_227128917_C_A	A	0.375	0.009	0.0041	1	0.02801	37037
2_227098387_A_G	G	0.478	0.0081	0.004	1	0.04401	37037
6_126964026_G_T	T	0.451	0.0033	0.004	1	0.4166	37037
4_157651817_G_T	T	0.4	-0.012	0.0042	1	0.005217	37037
9_22036367_C_T	T	0.367	0.0084	0.0041	1	0.04176	37037
16_53803574_T_A	A	0.45	0.016	0.0041	1	9.464e-5	37037
3_12285405_G_A	A	0.029	-0.021	0.008	1	0.009668	37037
15_84572229_C_G	G	0.32	0.0043	0.0042	1	0.303	37037
15_77657682_C_T	T	0.228	-0.0025	0.0044	1	0.5657	37037
7_142623579_T_C	C	0.038	-0.0037	0.007	1	0.5971	37037
11_34909926_T_G	G	0.267	0.0024	0.0042	1	0.5638	37037
11_92721319_G_A	A	0.496	0.0034	0.0041	1	0.3991	37037
8_11345644_A_G	G	0.45	0.011	0.0041	1	0.007348	37037
6_7034675_A_T	T	0.19	0.0035	0.0051	1	0.4978	37037
11_2847069_T_G	G	0.438	7e-4	0.0044	1	0.8658	37037
7_28189411_T_C	C	0.491	0.0024	0.004	1	0.5467	37037
2_158283430_C_T	T	0.051	0.0069	0.0091	1	0.448	37037
3_185488882_G_A	A	0.23	-0.0098	0.0047	1	0.03785	37037
6_51417405_A_G	G	0.031	0.025	0.014	1	0.07284	37037
5_53300748_C_T	T	0.168	0.0083	0.0056	1	0.1383	37037
6_20559611_A_G	G	0.08	-0.015	0.0097	1	0.1317	37037
6_20655503_A_G	G	0.226	-0.0049	0.0051	1	0.3296	37037
6_20656945_T_C	C	0.195	-0.0038	0.005	1	0.4402	37037
8_41318439_T_C	C	0.124	-0.0077	0.0056	1	0.1697	37037
5_53285656_A_G	G	0.293	0.01	0.0041	1	0.01477	37037
15_77734261_G_A	A	0.317	-0.0039	0.0042	1	0.3574	37037
18_36354957_G_A	A	0.067	0.013	0.0081	1	0.1007	37037
18_36607366_G_T	T	0.146	0.0016	0.0071	1	0.8239	37037
18_40083853_G_A	A	0.186	0.0048	0.0047	1	0.3078	37037
22_30552813_A_G	G	0.04	-0.012	0.0073	1	0.09728	37037
19_19658472_G_T	T	0.095	0.0025	0.0076	1	0.7471	37037
2_27451099_C_T	T	0.212	-0.0016	0.0047	1	0.7329	37037
3_23235424_A_G	G	0.08	0.0069	0.0068	1	0.312	37037
3_23523106_G_T	T	0.025	-0.0075	0.013	1	0.5549	37037
2_43670183_C_T	T	0.124	0.013	0.0072	1	0.07625	37037
2_43686245_C_G	G	0.125	0.013	0.0071	1	0.07366	37037
2_43689364_C_A	A	0.085	0.013	0.007	1	0.07262	37037
2_43704092_A_G	G	0.083	0.012	0.007	1	0.08664	37037
2_43713808_A_C	C	0.091	0.0094	0.007	1	0.1797	37037
2_43733509_G_T	T	0.131	0.013	0.007	1	0.06276	37037
2_43748983_G_A	A	0.124	0.012	0.0071	1	0.07952	37037
2_43751480_T_C	C	0.133	0.013	0.007	1	0.05852	37037
2_43761299_A_G	G	0.124	0.012	0.0072	1	0.0999	37037
2_43764442_T_C	C	0.133	0.012	0.0071	1	0.08614	37037
2_43804933_A_C	C	0.109	0.0059	0.0063	1	0.3464	37037
2_43807090_T_C	C	0.138	0.0056	0.0063	1	0.373	37037
2_43809248_T_G	G	0.142	0.0054	0.0063	1	0.3891	37037
2_43819139_A_G,T	G	0.142	0.0051	0.0064	1	0.4267	37037
2_43833013_A_G	G	0.1	0.006	0.0063	1	0.3386	37037
2_43844833_G_A	A	0.137	0.0061	0.0063	1	0.3278	37037
2_43847646_G_A	A	0.108	0.0063	0.0061	1	0.3002	37037
3_12288288_G_A	A	0.042	-0.021	0.0079	1	0.008768	37037
3_12390484_T_C	C	0.097	-0.017	0.0058	1	0.002707	37037
3_63924956_A_G	G	0.146	-0.004	0.0057	1	0.4807	37037
7_28189946_A_G	G	0.325	0.0039	0.0043	1	0.3727	37037
14_25944306_C_A	A	0.314	-0.0034	0.0044	1	0.4391	37037
1_50909985_G_A	A	0.088	0.0042	0.007	1	0.5476	37037
5_102305065_C_A	A	0.283	0.0047	0.0043	1	0.2719	37037
12_123651966_G_C	C	0.243	-0.0038	0.0048	1	0.4233	37037
7_14874799_A_G	G	0.097	0.0052	0.008	1	0.5124	37037
7_14898282_C_T	T	0.173	0.0051	0.0053	1	0.3376	37037
16_86447166_G_T	T	0.491	-0.013	0.004	1	9.896e-4	37037
19_19662220_C_T	T	0.083	0.0018	0.0076	1	0.8103	37037
11_72629946_A_G	G	0.15	0.0096	0.0049	1	0.04967	37037
20_39832628_T_C	C	0.174	0.0036	0.0053	1	0.4901	37037
12_123632930_G_A	A	0.261	-0.0031	0.0046	1	0.4999	37037
11_26282112_C_T	T	0.029	0.0063	0.0081	1	0.4362	37037
2_43546624_T_C	C	0.129	0.0069	0.0065	1	0.2822	37037
2_43707385_C_T	T	0.115	0.007	0.0075	1	0.3543	37037
3_123131254_C_T	T	0.257	-0.0052	0.0052	1	0.3165	37037
15_77469019_A_G	G	0.388	-0.0056	0.0041	1	0.1724	37037
2_43557484_C_G	G	0.117	0.006	0.0064	1	0.3465	37037
6_76376552_G_A	A	0.342	0.001	0.0042	1	0.8023	37037
6_32066177_T_C	C	0.35	0.0044	0.0042	1	0.2879	37037
10_94305189_A_G	G	0.308	-0.006	0.0044	1	0.1767	37037
13_50737023_G_A	A	0.341	0.0014	0.0041	1	0.7381	37037
14_33302882_G_T	T	0.477	0.0018	0.0043	1	0.6705	37037
5_74984818_A_T	T	0.308	0.0011	0.0044	1	0.8028	37037
19_21608110_C_T	T	0.292	-0.0097	0.0047	1	0.04019	37037
8_8593880_T_A	A	0.15	-0.0046	0.0052	1	0.3775	37037
5_75006156_T_C	C	0.195	-0.0046	0.0049	1	0.3431	37037
15_38900312_C_A	A	0.271	3e-4	0.005	1	0.953	37037
17_76696986_G_A	A	0.473	-3e-4	0.004	1	0.9392	37037
3_64730121_T_C	C	0.467	0.0077	0.0041	1	0.06271	37037
17_9794415_C_T	T	0.383	0.0063	0.0043	1	0.1438	37037
18_54675384_G_C	C	0.237	0.0038	0.0046	1	0.4142	37037
10_114797471_C_G	G	0.175	0.0049	0.0085	1	0.5635	37037
19_19819843_A_G	G	0.053	0.0065	0.012	1	0.5803	37037
14_89550378_C_T	T	0.068	-0.001	0.0097	1	0.9158	37037
3_64714182_G_A	A	0.451	0.0075	0.0041	1	0.06991	37037
8_9713196_T_C	C	0.458	0.0055	0.0046	1	0.2299	37037
6_50268664_A_G	G	0.051	0.011	0.0092	1	0.2224	37037
9_22053895_G_A	A	0.058	0.0088	0.007	1	0.2058	37037
16_75374029_T_A	A	0.102	0.0059	0.0072	1	0.4182	37037
8_10632496_G_A	A	0.265	0.0058	0.0048	1	0.2348	37037
8_10676497_T_C	C	0.265	0.0052	0.0049	1	0.2812	37037
8_11054097_C_A	A	0.458	0.011	0.0041	1	0.006376	37037
9_81898980_A_G	G	0.075	-0.0015	0.0074	1	0.8359	37037
9_81905590_A_G	G	0.068	-0.0026	0.0075	1	0.7273	37037
16_53807764_A_G	G	0.46	0.015	0.0041	1	2.792e-4	37037
16_53813367_T_G	G	0.46	0.015	0.004	1	2.484e-4	37037
16_53828066_C_T	T	0.442	0.014	0.004	1	3.471e-4	37037
4_6302707_C_T	T	0.332	0.0032	0.0067	1	0.6353	37037
4_6302519_G_A	A	0.208	0.0025	0.0044	1	0.5791	37037
4_6303022_C_T	T	0.271	0.008	0.0042	1	0.05832	37037
3_12393125_C_G,A	G	0.097	-0.016	0.0058	1	0.005574	37037
16_89985844_G_T	T	0.076	0.0027	0.0084	1	0.746	37037
15_41882383_A_C	C	0.464	-0.004	0.0041	1	0.325	37037
11_84786132_C_T	T	0.239	-0.0034	0.0043	1	0.4281	37037
2_60577289_G_T	T	0.398	-2e-4	0.0043	1	0.9641	37037
16_53804340_C_T	T	0.422	0.013	0.0041	1	0.001133	37037
16_53848561_A_G	G	0.357	0.01	0.0091	1	0.2527	37037
2_166557510_A_G	G	0.458	3e-4	0.004	1	0.9351	37037
8_10732905_A_G	G	0.257	-0.0085	0.0052	1	0.1024	37037
15_91503871_T_G	G	0.225	0.0034	0.0043	1	0.4282	37037
15_91563829_A_G	G	0.292	0.006	0.0041	1	0.1421	37037
12_71405206_C_T	T	0.5	0.0059	0.004	1	0.1427	37037
18_57787559_T_C	C	0.354	0.0088	0.0044	1	0.04619	37037
3_12394840_C_T	T	0.098	-0.016	0.0058	1	0.005689	37037
8_9819173_A_G	G	0.305	0.001	0.0043	1	0.8187	37037
6_127428080_T_C	C	0.322	0.0098	0.0044	1	0.02493	37037
6_127428118_T_C	C	0.317	0.0095	0.0044	1	0.03004	37037
11_102966919_T_C	C	0.283	0.0037	0.0046	1	0.4272	37037
18_57793209_C_T	T	0.354	0.008	0.0045	1	0.07208	37037
14_25941921_T_G	G	0.342	0.0041	0.0041	1	0.3242	37037
2_67908130_G_C	C	0.337	-0.0062	0.0046	1	0.1752	37037
4_185714289_G_T	T	0.153	-0.0031	0.0058	1	0.5931	37037
6_20602380_A_G	G	0.4	-0.0031	0.0041	1	0.4458	37037
9_125973417_A_G	G	0.173	-0.014	0.0055	1	0.0106	37037
6_31236998_C_T	T	0.198	0.003	0.0058	1	0.6009	37037
11_34895100_T_C	C	0.111	9e-4	0.0063	1	0.8825	37037
15_91506452_T_C	C	0.335	0.0047	0.0041	1	0.2575	37037
2_25766479_G_C	C	0.246	-0.0014	0.0049	1	0.772	37037
1_29159373_T_C	C	0.492	-7e-4	0.004	1	0.8602	37037
8_116588326_C_A	A	0.333	-0.0074	0.004	1	0.06543	37037
5_102004240_T_A	A	0.383	0.008	0.004	1	0.04536	37037
2_158345202_T_C	C	0.131	0.0051	0.0068	1	0.4551	37037
17_37405657_T_G	G	0.265	-0.0053	0.0047	1	0.2632	37037
14_91931029_T_C	C	0.419	-0.0053	0.0065	1	0.4207	37037
2_27839539_T_C	C	0.234	-0.0098	0.0043	1	0.02397	37037
9_22009698_G_C	C	0.425	0.0048	0.004	1	0.2304	37037
11_2825279_C_T	T	0.043	0.021	0.0097	1	0.0259	37037
1_214154719_G_T	T	0.31	0.0061	0.0044	1	0.1627	37037
6_32363955_T_C	C	0.465	0.016	0.0067	1	0.017	37037
12_21839933_A_G	G	0.292	0.01	0.0044	1	0.01854	37037
17_65828371_T_A	A	0.225	0.0041	0.0049	1	0.4008	37037
15_64036953_G_C	C	0.316	-0.01	0.004	1	0.01192	37037
7_69782073_G_C	C	0.178	0.0023	0.0046	1	0.6281	37037
18_40743444_T_C	C	0.458	-0.0034	0.004	1	0.3936	37037
8_10635297_T_C	C	0.351	0.0059	0.004	1	0.1457	37037
3_12131687_C_T	T	0.075	-0.021	0.0079	1	0.008956	37037
3_12413339_T_G	G	0.093	-0.0044	0.0064	1	0.4923	37037
3_123093530_T_C	C	0.233	0.0017	0.0048	1	0.7236	37037
17_65857177_C_T	T	0.23	0.0035	0.0048	1	0.4659	37037
11_17193122_T_A	A	0.449	-5e-4	0.0039	1	0.8994	37037
10_94232247_T_C	C	0.314	9e-4	0.0041	1	0.8281	37037
9_22033366_C_T	T	0.442	0.0084	0.004	1	0.03746	37037
17_44163809_A_C	C	0.434	-2e-4	0.0043	1	0.9697	37037
11_92691532_T_C	C	0.389	0.0088	0.0041	1	0.03217	37037
11_47875910_T_C	C	0.456	-0.0079	0.004	1	0.04779	37037
5_137431501_C_T	T	0.447	0.0027	0.0039	1	0.4942	37037
4_17917781_A_C	C	0.342	0.0086	0.0044	1	0.05201	37037
2_227092802_A_G	G	0.392	0.0092	0.0041	1	0.02387	37037
2_227058625_C_T	T	0.355	0.0092	0.0042	1	0.03047	37037
9_22061562_C_A	A	0.333	0.0071	0.0041	1	0.08263	37037
18_63428445_A_G	G	0.333	-9e-4	0.0044	1	0.8327	37037
7_15035659_C_T	T	0.217	-0.0042	0.0059	1	0.4768	37037
7_51017361_A_G	G	0.025	0.0035	0.011	1	0.7548	37037
3_12391583_G_A	A	0.097	-0.017	0.0059	1	0.00356	37037
8_11339616_T_G	G	0.458	0.0097	0.004	1	0.01595	37037
20_32709525_G_A	A	0.275	0.0024	0.0043	1	0.57	37037
6_20625634_A_G	G	0.359	-4e-4	0.0043	1	0.9208	37037
6_20694884_C_T	T	0.165	-0.0089	0.0051	1	0.07999	37037
14_80038474_T_G	G	0.417	-0.0042	0.0042	1	0.3122	37037
7_15042474_A_C	C	0.358	-0.0033	0.0042	1	0.4309	37037
7_15062983_T_C	C	0.483	-0.0013	0.004	1	0.7345	37037
6_125995467_G_A	A	0.469	1e-4	0.004	1	0.9826	37037
6_31778272_G_A	A	0.239	0.0051	0.0054	1	0.3426	37037
19_19329924_C_T	T	0.098	0.0097	0.0081	1	0.2329	37037
4_103742651_T_C	C	0.487	0.0036	0.0039	1	0.3629	37037
11_2839751_C_T	T	0.075	0.019	0.009	1	0.03639	37037
11_2858440_G_A	A	0.06	0.021	0.0099	1	0.0343	37037
11_2858546_C_T	T	0.051	0.022	0.0099	1	0.02763	37037
6_31114745_T_C	C	0.431	-0.0027	0.004	1	0.4999	37037
8_11450422_A_G	G	0.49	-0.011	0.0041	1	0.004446	37037
6_31481146_C_A	A	0.403	0.0021	0.0071	1	0.768	37037
4_52884239_G_A	A	0.403	0.0043	0.0041	1	0.2889	37037
12_121435587_G_T	T	0.381	-0.0053	0.0041	1	0.1922	37037
12_66212318_C_T	T	0.111	0.013	0.0068	1	0.04876	37037
12_71532099_G_A	A	0.397	-0.0031	0.004	1	0.4469	37037
12_117603161_T_C	C	0.217	-0.0022	0.0048	1	0.6397	37037
3_49878113_T_C	C	0.46	0.011	0.004	1	0.005927	37037
14_103357603_G_T	T	0.201	0.0014	0.0048	1	0.7637	37037
15_42119711_G_A	A	0.344	0.0048	0.0069	1	0.4882	37037
11_2737905_A_G	G	0.442	-0.0021	0.0044	1	0.6423	37037
11_2755601_T_C	C	0.341	-0.0028	0.0049	1	0.5716	37037
11_2849530_A_C	C	0.076	0.019	0.0089	1	0.03535	37037
6_32819517_T_C	C	0.168	-4e-4	0.006	1	0.9421	37037
7_30714333_C_T	T	0.332	-0.0058	0.0042	1	0.1656	37037
13_110407906_T_C	C	0.283	-0.0045	0.0044	1	0.3072	37037
15_91512067_G_A	A	0.177	-2e-4	0.0049	1	0.9621	37037
2_27728777_C_G	G	0.406	0.0081	0.0041	1	0.04603	37037
14_33294781_C_T	T	0.465	-8e-4	0.0042	1	0.8465	37037
15_91525197_C_T	T	0.173	-9e-4	0.005	1	0.8521	37037
2_27715416_C_T	T	0.442	0.0085	0.0041	1	0.03593	37037
19_19789528_A_G	G	0.102	0.0055	0.0084	1	0.5131	37037
8_41583294_C_T	T	0.167	0.012	0.0059	1	0.04405	37037
11_2711142_T_C	C	0.483	0.0031	0.004	1	0.4439	37037
11_2706351_T_C	C	0.496	0.003	0.004	1	0.4551	37037
11_2705175_A_G	G	0.482	0.0019	0.004	1	0.6325	37037
11_2694606_C_A	A	0.339	-5e-4	0.0045	1	0.9127	37037
11_2691500_G_A	A	0.288	-0.0028	0.005	1	0.5795	37037
6_20631545_A_T	T	0.133	5e-4	0.005	1	0.9164	37037
6_20716958_G_A	A	0.15	-0.0084	0.005	1	0.09245	37037
6_20718240_A_T	T	0.097	-0.0063	0.0055	1	0.2513	37037
11_2846427_G_A	A	0.267	2e-4	0.0046	1	0.9698	37037
3_21806230_A_G	G	0.294	-0.0088	0.0043	1	0.0394	37037
4_48797056_G_A	A	0.323	0.0018	0.0042	1	0.667	37037
14_80170870_A_G	G	0.265	0.0062	0.0046	1	0.177	37037
3_64718258_G_C	C	0.188	-0.0045	0.0045	1	0.3155	37037
9_22132076_A_G	G	0.208	-0.0052	0.0053	1	0.3211	37037
2_165820281_C_T	T	0.412	0.0019	0.004	1	0.6304	37037
6_43804808_G_C	C	0.265	0.0057	0.0046	1	0.214	37037
15_77378440_A_T	T	0.317	-0.0066	0.0042	1	0.1169	37037
10_124167512_C_T	T	0.419	-8e-4	0.004	1	0.8405	37037
10_94345909_G_A	A	0.386	0.002	0.004	1	0.6284	37037
10_94311815_G_A	A	0.4	6e-4	0.004	1	0.8765	37037
2_60586707_C_G	G	0.469	0	0.004	1	0.9999	37037
2_60603950_G_A	A	0.427	-9e-4	0.0041	1	0.8291	37037
2_60572671_C_T	T	0.458	9e-4	0.004	1	0.8234	37037
5_102514757_C_T	T	0.338	-2e-4	0.0041	1	0.97	37037
15_53080413_C_T	T	0.124	0.0092	0.006	1	0.1262	37037
15_53091896_A_C	C	0.27	0.0089	0.0049	1	0.06942	37037
8_118221999_C_G	G	0.167	0.0065	0.0057	1	0.2503	37037
8_118190393_A_G	G	0.398	0.0038	0.0048	1	0.4337	37037
8_118185063_C_G	G	0.408	0.0049	0.0046	1	0.2875	37037
8_118185041_C_T	T	0.429	0.0019	0.0077	1	0.8003	37037
10_114615903_T_C	C	0.292	0.0056	0.0044	1	0.2074	37037
1_154311911_G_A	A	0.115	0.01	0.0064	1	0.1088	37037
5_78337225_G_A	A	0.451	-0.0069	0.004	1	0.0825	37037
10_94490174_T_C	C	0.492	-0.0033	0.004	1	0.4101	37037
10_94446041_G_A	A	0.467	0.004	0.004	1	0.3072	37037
1_219749261_G_A	A	0.201	-0.011	0.0053	1	0.03068	37037
10_94492716_C_T	T	0.487	-0.0032	0.0041	1	0.4348	37037
10_94485211_A_C	C	0.464	-0.0032	0.004	1	0.4193	37037
6_31443570_T_C	C	0.168	-0.0029	0.0059	1	0.6191	37037
6_31068525_A_C	C	0.179	0.015	0.0076	1	0.04296	37037
17_29705947_T_C	C	0.415	-0.0014	0.0041	1	0.7271	37037
19_31887321_T_C	C	0.354	-0.0041	0.0041	1	0.311	37037
5_102694112_G_A	A	0.385	-0.0045	0.0042	1	0.2741	37037
10_65392056_T_C	C	0.288	0.012	0.0049	1	0.01462	37037
5_59305181_G_A	A	0.175	-0.0028	0.0047	1	0.5471	37037
12_66170481_A_C	C	0.062	0.01	0.0072	1	0.1652	37037
9_125649014_T_A	A	0.161	0.015	0.0055	1	0.00785	37037
5_101607603_G_A	A	0.237	0.011	0.0045	1	0.02063	37037
5_101605942_T_C	C	0.371	0.0081	0.0067	1	0.2232	37037
11_93140782_T_C	C	0.492	0.0018	0.0039	1	0.6436	37037
12_66192667_A_G	G	0.112	0.0099	0.0069	1	0.1516	37037
12_66183500_T_C	C	0.086	0.021	0.01	1	0.0397	37037
1_72834503_A_G	G	0.15	0.0049	0.0053	1	0.364	37037
3_50128893_A_G	G	0.46	-0.0073	0.0039	1	0.06187	37037
10_71462805_G_C	C	0.483	-0.0018	0.0043	1	0.6774	37037
6_51491866_A_T	T	0.043	0.035	0.019	1	0.06354	37037
2_227141248_A_G	G	0.381	0.0096	0.0041	1	0.02029	37037
2_227151596_G_A	A	0.383	0.0082	0.0041	1	0.04531	37037
2_227159867_G_A	A	0.367	0.0076	0.0041	1	0.06162	37037
2_227159177_G_A	A	0.383	0.0068	0.0041	1	0.09775	37037
2_227174983_A_C	C	0.473	0.0055	0.0039	1	0.1596	37037
10_93731617_A_G	G	0.408	-3e-4	0.0041	1	0.9359	37037
15_77870371_A_G	G	0.468	0.0047	0.0044	1	0.286	37037
10_71513557_G_C	C	0.175	0.0021	0.0049	1	0.6673	37037
2_227134516_A_G	G	0.473	0.007	0.004	1	0.08091	37037
2_227137125_T_C	C	0.372	0.0089	0.0041	1	0.03182	37037
2_227141768_A_T	T	0.363	0.0087	0.0041	1	0.03375	37037
2_227149804_T_G	G	0.473	0.0059	0.0039	1	0.1378	37037
2_227157209_A_G	G	0.383	0.0082	0.0041	1	0.04557	37037
2_227181683_G_T	T	0.376	0.0086	0.0042	1	0.04024	37037
2_227164504_C_G	G	0.383	0.0082	0.0041	1	0.04493	37037
6_7240577_A_T	T	0.402	6e-4	0.0042	1	0.8856	37037
4_104032264_G_A	A	0.181	0.0034	0.0047	1	0.4724	37037
17_3934101_A_G	G	0.348	-0.0056	0.0041	1	0.1663	37037
12_48736985_T_G,A	G	0.315	0.0041	0.0042	1	0.331	37037
11_35016102_G_C	C	0.257	0.0023	0.0043	1	0.596	37037
6_31497342_G_C	C	0.147	0.013	0.0054	1	0.01547	37037
8_11228100_G_A	A	0.483	0.0082	0.004	1	0.03854	37037
8_11347289_T_G	G	0.403	0.0096	0.004	1	0.01826	37037
8_116603003_T_C	C	0.416	-0.008	0.0041	1	0.05023	37037
12_61067713_T_A	A	0.217	0.0049	0.0054	1	0.3645	37037
12_61077670_G_A	A	0.208	0.0047	0.0053	1	0.3708	37037
12_61111659_A_G	G	0.212	0.0052	0.0056	1	0.35	37037
20_51620658_A_G	G	0.465	0.0048	0.004	1	0.2255	37037
6_127419834_A_C	C	0.3	0.011	0.0044	1	0.01446	37037
14_25890220_T_G	G	0.491	0.0048	0.0039	1	0.2258	37037
1_6781571_C_T	T	0.19	-0.0063	0.0048	1	0.1918	37037
6_51501537_G_A	A	0.042	0.022	0.015	1	0.1282	37037
9_84308948_G_A	A	0.394	-0.0076	0.0045	1	0.09359	37037
6_127406036_A_C	C	0.319	0.004	0.0044	1	0.3699	37037
1_26466189_T_C	C	0.225	0.004	0.0052	1	0.4451	37037
10_80961519_T_C	C	0.487	-2e-4	0.0042	1	0.9629	37037
1_64188151_T_C	C	0.332	0.0032	0.0044	1	0.4695	37037
6_20758526_C_G	G	0.095	-0.0022	0.0061	1	0.7198	37037
1_219748818_C_G	G	0.286	-0.015	0.0044	1	7.978e-4	37037
6_31572481_T_C	C	0.168	3e-4	0.0064	1	0.9629	37037
2_614210_A_G	G	0.125	0.0099	0.0052	1	0.05845	37037
4_95004716_A_G	G	0.483	-0.0025	0.004	1	0.5284	37037
2_607107_T_C	C	0.362	0.0012	0.0042	1	0.7857	37037
3_123094451_T_C	C	0.248	0.0022	0.0049	1	0.6578	37037
7_28170403_T_C	C	0.168	0.0024	0.0048	1	0.6268	37037
2_152063932_C_T	T	0.323	0.0016	0.0043	1	0.7112	37037
2_613290_T_G	G	0.35	0.0011	0.0041	1	0.7824	37037
10_114915214_G_T	T	0.425	-0.0056	0.0044	1	0.2086	37037
19_19475717_G_C	C	0.358	0.0074	0.0043	1	0.08321	37037
7_44159224_T_C	C	0.478	2e-4	0.0075	1	0.9814	37037
1_235674379_C_T	T	0.434	-0.001	0.0041	1	0.8072	37037
19_19545990_T_C	C	0.371	-0.0085	0.0043	1	0.04678	37037
8_9077307_G_C	C	0.242	-0.0065	0.0047	1	0.1632	37037
8_9070002_T_C	C	0.333	-0.0023	0.0042	1	0.5802	37037
2_227068080_A_C	C	0.345	0.01	0.0042	1	0.01709	37037
2_227077377_C_T	T	0.358	0.0092	0.0042	1	0.02999	37037
2_227087284_G_A	A	0.482	0.0073	0.004	1	0.06719	37037
2_227088577_A_C	C	0.491	0.0087	0.004	1	0.0282	37037
2_227093585_A_C	C	0.372	0.0086	0.0041	1	0.03616	37037
2_227093745_T_C	C	0.367	0.0087	0.0041	1	0.03586	37037
2_227046342_T_C	C	0.475	0.01	0.004	1	0.01102	37037
2_227099180_C_T	T	0.372	0.0091	0.0041	1	0.02749	37037
2_227047414_G_T	T	0.35	0.0085	0.0043	1	0.04553	37037
2_227108446_C_T	T	0.4	0.0091	0.0041	1	0.02578	37037
2_227047771_C_T	T	0.344	0.0092	0.0042	1	0.02978	37037
2_227123584_A_G	G	0.372	0.0088	0.0041	1	0.03123	37037
2_227125254_G_A	A	0.28	0.0093	0.0041	1	0.02282	37037
2_227128543_T_G	G	0.377	0.0092	0.0041	1	0.02413	37037
2_613516_G_A	A	0.35	0.0011	0.0041	1	0.7815	37037
17_17964717_G_A	A	0.274	-4e-4	0.0041	1	0.9287	37037
2_227116365_A_G	G	0.371	0.0084	0.0041	1	0.04186	37037
2_227101411_A_G	G	0.367	0.0096	0.0041	1	0.01905	37037
2_227100698_G_T	T	0.404	0.0096	0.0041	1	0.01887	37037
2_227099854_T_C	C	0.372	0.0095	0.0041	1	0.0193	37037
8_8311321_A_C	C	0.422	0.0021	0.0044	1	0.6346	37037
9_3301887_G_A	A	0.111	0.0077	0.0065	1	0.237	37037
9_3283313_T_G	G	0.121	0.004	0.0063	1	0.5233	37037
11_93052265_G_T	T	0.447	-0.0023	0.0042	1	0.5791	37037
3_12153214_G_C	C	0.085	-0.017	0.007	1	0.01612	37037
6_31471222_A_G	G	0.22	0.0061	0.0046	1	0.184	37037
5_101932417_C_A	A	0.398	0.0082	0.0041	1	0.04381	37037
6_32404377_A_C	C	0.195	0.0067	0.0059	1	0.2538	37037
6_32310396_A_G	G	0.308	0.0047	0.0049	1	0.3345	37037
6_31213811_G_A	A	0.402	-0.0025	0.0066	1	0.7094	37037
6_31134888_T_C	C	0.341	-3e-4	0.0044	1	0.9503	37037
6_31143582_A_C	C	0.393	-0.002	0.0041	1	0.6183	37037
6_31243170_G_A	A	0.486	4e-4	0.004	1	0.9158	37037
4_6304878_C_T	T	0.289	0.0048	0.0068	1	0.4763	37037
12_4399496_C_T	T	0.093	-0.0012	0.0081	1	0.8849	37037
5_102159787_G_A	A	0.327	0.0035	0.0041	1	0.3986	37037
1_120578116_T_C	C	0	-0.0038	0.0077	1	0.6239	37037
8_9087831_C_T	T	0.208	-0.0059	0.0048	1	0.2167	37037
1_214163675_G_A	A	0.491	-0.0027	0.0041	1	0.5208	37037
5_74964128_C_T	T	0.181	0.0049	0.005	1	0.3243	37037
5_102438291_A_G	G	0.277	0.0015	0.0043	1	0.7266	37037
2_165629214_A_G	G	0.208	-0.0067	0.0049	1	0.1723	37037
2_165632910_G_A	A	0.186	-0.0074	0.0051	1	0.1485	37037
2_165638070_T_C	C	0.367	-0.011	0.0043	1	0.006929	37037
17_36090885_G_A	A	0.451	-0.0017	0.0057	1	0.7673	37037
6_32862682_C_T	T	0.115	0.0089	0.0072	1	0.2178	37037
16_53818460_G_T	T	0.456	0.014	0.0041	1	6.767e-4	37037
17_36106313_T_G	G	0.274	0.0062	0.0054	1	0.2533	37037
6_160851766_T_C	C	0.491	-0.0023	0.004	1	0.5588	37037
3_63917692_G_C	C	0.339	-8e-4	0.0043	1	0.8609	37037
5_53296158_A_G	G	0.25	0.009	0.0045	1	0.04564	37037
5_102358160_A_G	G	0.31	0.001	0.0043	1	0.8065	37037
11_92713507_G_T	T	0.466	0.0033	0.0041	1	0.4285	37037
20_32640272_A_G	G	0.267	0.0034	0.0043	1	0.4309	37037
1_51266523_G_A	A	0.085	0.004	0.0073	1	0.5818	37037
3_183646222_A_G	G	0.487	4e-4	0.0039	1	0.9182	37037
19_19610596_C_T	T	0.083	0.0021	0.0077	1	0.7819	37037
4_6324785_T_C	C	0.487	0.0067	0.0042	1	0.1137	37037
8_118185025_G_A	A	0.239	5e-4	0.0047	1	0.9176	37037
8_116482423_A_G	G	0.446	0.0099	0.004	1	0.01348	37037
15_75628841_C_G	G	0.192	-7e-4	0.0047	1	0.8769	37037
10_70332066_C_T	T	0.456	-0.0079	0.0041	1	0.05358	37037
7_15910153_T_C	C	0.358	-0.0084	0.0043	1	0.05049	37037
10_94354204_T_G	G	0.319	0.0012	0.0041	1	0.7806	37037
5_78523532_C_G	G	0.305	-0.014	0.0041	1	6.932e-4	37037
11_92668826_C_T	T	0.407	0.0057	0.0042	1	0.1719	37037
6_7008739_A_T	T	0.448	3e-4	0.004	1	0.9455	37037
11_2826617_A_G	G	0.035	0.022	0.0096	1	0.02268	37037
1_205099959_C_A	A	0.242	0.0022	0.0046	1	0.6295	37037
4_6282596_C_T	T	0.275	0.0065	0.0041	1	0.1107	37037
17_47047868_G_A	A	0.442	-0.0044	0.0041	1	0.2781	37037
3_9514856_G_A	A	0.119	0.0041	0.0059	1	0.4944	37037
2_165501849_A_C	C	0.407	-0.011	0.0042	1	0.01275	37037
5_55860866_G_T	T	0.183	0.0082	0.0052	1	0.1172	37037
5_55860781_A_G	G	0.167	0.0095	0.0053	1	0.07368	37037
11_17138666_G_A	A	0.329	-0.0016	0.0043	1	0.7118	37037
22_30343186_C_T	T	0.044	-0.012	0.0072	1	0.08715	37037
5_74967386_C_T	T	0.335	7e-4	0.0041	1	0.8572	37037
5_55796319_C_T	T	0.292	0.011	0.0045	1	0.01695	37037
2_227036603_A_C	C	0.483	-0.01	0.004	1	0.01201	37037
10_114748617_G_A	A	0.417	-0.0073	0.0041	1	0.07147	37037
6_20876683_G_A	A	0.442	-0.0052	0.004	1	0.1928	37037
5_102602902_A_T	T	0.39	-0.0026	0.0043	1	0.5442	37037
3_64698813_T_C	C	0.184	-0.0051	0.0046	1	0.2736	37037
5_44898129_G_T	T	0.329	-0.002	0.0041	1	0.6279	37037
3_64708114_C_T	T	0.239	-0.0069	0.0044	1	0.1135	37037
1_177802710_G_A	A	0.271	0.0025	0.0052	1	0.635	37037
10_114767771_G_A	A	0.292	-0.0083	0.0044	1	0.05591	37037
3_12372074_A_G	G	0.235	-0.0084	0.0045	1	0.06401	37037
4_6272888_G_C	C	0.192	-8e-4	0.0046	1	0.867	37037
4_6316381_C_A	A	0.333	0.0086	0.0041	1	0.03811	37037
6_20643222_C_G	G	0.46	0.0033	0.004	1	0.412	37037
8_110076032_G_A	A	0.398	0.0064	0.0041	1	0.1253	37037
17_36098987_G_A	A	0.458	0.012	0.0057	1	0.03664	37037
15_91546497_T_G	G	0.339	0.0039	0.0041	1	0.3433	37037
4_6264968_T_C	C	0.292	0.0011	0.0046	1	0.8037	37037
11_2651410_T_C	C	0.075	-0.0044	0.0067	1	0.5064	37037
12_123447928_T_C	C	0.332	-0.0024	0.0044	1	0.5893	37037
2_161219181_A_T	T	0.208	0.0086	0.0049	1	0.07816	37037
6_20570039_C_T	T	0.301	5e-4	0.0041	1	0.9091	37037
4_6292020_A_C	C	0.31	0.008	0.0041	1	0.05015	37037
8_10352463_C_G	G	0.208	-0.0048	0.0048	1	0.3141	37037
5_76446703_A_G	G	0.339	0	0.0043	1	0.9951	37037
4_6294001_A_G	G	0.254	0.0085	0.004	1	0.03508	37037
17_61559923_C_T	T	0.447	-0.0063	0.0046	1	0.1727	37037
4_6271043_A_T	T	0.283	0.0055	0.0042	1	0.1901	37037
3_64708628_C_T	T	0.192	-0.0059	0.0046	1	0.2015	37037
6_20764250_C_T	T	0.5	-0.0041	0.004	1	0.303	37037
17_61570422_A_G	G	0.495	-0.0049	0.0042	1	0.2351	37037
2_43566146_A_G	G	0.155	0.0093	0.0066	1	0.1572	37037
3_185497635_A_C	C	0.29	-0.0068	0.0043	1	0.1138	37037
9_19051028_T_G	G	0.341	0.0027	0.0042	1	0.5161	37037
3_185511687_G_T	T	0.296	-0.0079	0.0043	1	0.06872	37037
11_92721787_A_C	C	0.492	0.0041	0.004	1	0.3006	37037
3_64703665_C_T	T	0.188	-0.0053	0.0046	1	0.2507	37037
3_88183068_A_C	C	0.168	0.01	0.0054	1	0.06071	37037
4_6293967_G_A	A	0.323	0.0085	0.004	1	0.03515	37037
19_45422946_A_G	G	0.183	-0.0065	0.006	1	0.2769	37037
3_64704860_A_G	G	0.248	-0.0059	0.0043	1	0.1689	37037
5_102081834_T_A	A	0.383	-0.0027	0.004	1	0.49370000000000003	37037
1_117491123_A_G	G	0.376	3e-4	0.0043	1	0.9386	37037
12_121317075_G_T	T	0.456	-0.004	0.0039	1	0.3105	37037
4_6294305_C_T	T	0.259	0.0085	0.004	1	0.03517	37037
22_30579886_T_A	A	0.04	0.012	0.0073	1	0.1091	37037
6_20775660_A_G	G	0.058	-0.0019	0.007	1	0.7902	37037
15_62383155_T_C	C	0.42	-0.0019	0.0041	1	0.648	37037
3_64701890_T_C	C	0.246	-0.0064	0.0043	1	0.1416	37037
10_114756041_A_T	T	0.296	-0.008	0.0044	1	0.06558	37037
8_126516988_T_C	C	0.407	-0.0034	0.0043	1	0.4396	37037
9_4268785_C_T	T	0.243	-0.0029	0.0047	1	0.5354	37037
4_6306144_C_A	A	0.292	0.0086	0.0042	1	0.04135	37037
5_55806751_A_G	G	0.217	0.011	0.0045	1	0.0105	37037
3_64711904_C_T	T	0.19	-0.0055	0.0047	1	0.2346	37037
3_64699445_C_T	T	0.457	-0.0071	0.004	1	0.0771	37037
10_77244014_C_T	T	0.1	-0.0093	0.0061	1	0.1265	37037
3_64702275_C_G	G	0.221	-0.0046	0.0044	1	0.3031	37037
5_74371203_T_G	G	0.367	-0.0093	0.0041	1	0.02239	37037
11_2717293_T_C	C	0.482	0.0015	0.004	1	0.7151	37037
11_2717680_C_T	T	0.354	0.0016	0.0045	1	0.7226	37037
10_114854383_C_T	T	0.263	0.0059	0.0058	1	0.3145	37037
6_20749677_G_A	A	0.467	0.0021	0.004	1	0.6096	37037
2_227038818_T_C	C	0.491	-0.01	0.004	1	0.01271	37037
10_94294291_A_G	G	0.288	-0.0059	0.0044	1	0.185	37037
3_123062970_C_G	G	0.458	-0.0049	0.004	1	0.2203	37037
5_102165571_C_T	T	0.331	0.004	0.0042	1	0.3401	37037
3_12386337_C_T	T	0.097	-0.016	0.0058	1	0.004878	37037
3_185516520_G_A	A	0.288	-0.0065	0.0042	1	0.1245	37037
4_6285797_C_A	A	0.275	0.0071	0.0041	1	0.08047	37037
4_6287329_C_T	T	0.275	0.0076	0.0041	1	0.06225	37037
4_6270056_G_A	A	0.332	0.0059	0.0043	1	0.1655	37037
4_6280449_G_A	A	0.332	0.0066	0.0041	1	0.1076	37037
4_6287241_T_C	C	0.363	0.0074	0.0043	1	0.08382	37037
4_6291003_C_G	G	0.319	0.0084	0.0041	1	0.03757	37037
4_95046907_G_A	A	0.456	-0.0036	0.0041	1	0.3787	37037
4_153510588_T_C	C	0.275	0.0047	0.0043	1	0.2813	37037
4_153515580_A_G	G	0.31	0.0051	0.0043	1	0.2399	37037
5_74537751_C_T	T	0.375	-0.009	0.0041	1	0.02784	37037
6_20658012_A_C	C	0.367	-0.0056	0.0041	1	0.167	37037
6_20744727_C_T	T	0.372	-0.0022	0.0044	1	0.6109	37037
6_20585140_G_A	A	0.295	2e-4	0.0041	1	0.9572	37037
6_20656800_C_G	G	0.308	-0.005	0.0042	1	0.2324	37037
6_20662966_C_T	T	0.308	-0.0051	0.0042	1	0.2223	37037
6_20663035_T_A	A	0.308	-0.0051	0.0042	1	0.2222	37037
6_20678430_G_C	C	0.138	-0.0027	0.0049	1	0.5813	37037
6_20734076_A_C	C	0.388	4e-4	0.0044	1	0.9293	37037
6_20752016_C_A	A	0.467	0.0022	0.004	1	0.5816	37037
6_20763171_G_A	A	0.491	-0.0045	0.004	1	0.2695	37037
7_28172183_A_G	G	0.165	0.0023	0.0048	1	0.635	37037
7_28178262_G_T	T	0.16	0.005	0.0054	1	0.3532	37037
8_95976251_A_T	T	0.467	0.0013	0.004	1	0.7502	37037
9_133783566_G_A	A	0.456	0.0063	0.0051	1	0.2165	37037
10_13567927_A_C	C	0.44	-2e-4	0.0065	1	0.9705	37037
10_124161791_T_C	C	0.442	0.0024	0.0042	1	0.5681	37037
11_92717405_C_A	A	0.492	0.0041	0.004	1	0.3036	37037
11_92717475_G_A	A	0.496	0.0041	0.004	1	0.2989	37037
11_43821004_G_T	T	0.258	-0.0032	0.0043	1	0.4479	37037
12_61214545_A_G	G	0.221	0.0057	0.0053	1	0.2806	37037
12_121359586_G_A	A	0.314	-0.0074	0.0042	1	0.07454	37037
18_57852587_T_C	C	0.27	0.011	0.005	1	0.02986	37037
18_57896038_G_T	T	0.345	0.0056	0.0043	1	0.185	37037
16_69547741_T_C	C	0.434	-0.0078	0.0041	1	0.06124	37037
16_53816647_G_C	C	0.283	0.0095	0.0043	1	0.02793	37037
17_47067826_G_A	A	0.447	0.0017	0.0042	1	0.6865	37037
20_51002433_T_C	C	0.342	-0.0052	0.0041	1	0.2069	37037
20_39918383_G_C	C	0.458	0.0029	0.0039	1	0.4619	37037
11_28721187_G_A	A	0.363	-0.0013	0.0044	1	0.7739	37037
7_28207300_G_T	T	0.308	0.0056	0.0044	1	0.2051	37037
22_32442074_G_A	A	0.089	-0.017	0.0082	1	0.03565	37037
22_41437269_T_C	C	0.212	0.01	0.0048	1	0.0344	37037
8_10376148_A_T	T	0.2	-0.0027	0.0049	1	0.5828	37037
1_219750717_G_T	T	0.288	-0.015	0.0044	1	7.688e-4	37037
2_112816047_T_C	C	0.301	0.0023	0.0043	1	0.5873	37037
15_40398754_T_C	C	0.261	-0.0068	0.011	1	0.5388	37037
3_94039386_G_T	T	0.4	-0.0093	0.004	1	0.01957	37037
6_32290954_A_G	G	0.384	0.0061	0.0042	1	0.1458	37037
3_88250125_T_A	A	0.129	0.0042	0.0064	1	0.5138	37037
13_58311469_C_T	T	0.235	-0.012	0.0046	1	0.01157	37037
6_126899853_T_A	A	0.425	0.0023	0.004	1	0.5563	37037
18_57882787_C_A	A	0.408	0.011	0.0044	1	0.01716	37037
6_126755642_T_G	G	0.429	4e-4	0.004	1	0.9173	37037
1_64189638_C_T	T	0.332	-0.0031	0.0044	1	0.4881	37037
10_114821807_T_G	G	0.411	-0.0047	0.004	1	0.2473	37037
15_42119603_C_T	T	0.404	0.0046	0.0069	1	0.501	37037
18_57858802_A_G	G	0.325	0.01	0.0047	1	0.03354	37037
15_41974660_T_C	C	0.343	-1e-4	0.0041	1	0.9891	37037
15_91508803_C_A	A	0.341	0.0051	0.0041	1	0.2115	37037
10_94498436_T_C	C	0.381	1e-4	0.0049	1	0.9776	37037
11_58126305_A_T	T	0.412	0.0057	0.0041	1	0.1603	37037
11_72597438_C_T	T	0.127	-0.0013	0.0048	1	0.7814	37037
6_111895860_T_C	C	0.275	0.0045	0.0044	1	0.3107	37037
6_117955898_C_T	T	0.473	2e-4	0.004	1	0.967	37037
12_108594069_G_C	C	0.288	-0.0068	0.0049	1	0.1649	37037
9_22098574_A_G	G	0.46	0.0065	0.004	1	0.1069	37037
7_28256240_G_A	A	0.376	-0.0019	0.0043	1	0.6615	37037
4_6292799_A_C	C	0.263	0.0085	0.004	1	0.03432	37037
4_6292818_C_G	G	0.317	0.0089	0.0041	1	0.02878	37037
8_11213389_C_T	T	0.465	-0.0042	0.004	1	0.2909	37037
8_41595613_T_C	C	0.403	-0.011	0.0042	1	0.00988	37037
8_41519248_T_C	C	0.186	-0.0078	0.0045	1	0.08557	37037
9_22019673_G_C	C	0.451	-0.0062	0.0043	1	0.1487	37037
11_17408630_C_T	T	0.398	0.0018	0.0041	1	0.6551	37037
9_22019129_A_G	G	0.451	-0.0063	0.004	1	0.1107	37037
7_28202430_G_A	A	0.155	0.0029	0.0058	1	0.616	37037
12_121273247_T_C	C	0.487	0.0052	0.0039	1	0.1847	37037
5_78340286_A_G	G	0.473	-0.0054	0.004	1	0.1791	37037
7_28203142_C_T	T	0.279	0.0056	0.0044	1	0.2046	37037
7_28229042_G_A	A	0.15	0.0014	0.0058	1	0.8069	37037
7_28205303_T_C	C	0.288	0.0055	0.0044	1	0.2074	37037
18_57895059_A_G	G	0.339	0.0063	0.0042	1	0.1329	37037
9_22029547_T_C	C	0.434	-0.0083	0.004	1	0.03823	37037
7_28225514_T_A	A	0.167	0.0018	0.0058	1	0.7626	37037
9_22011642_G_A	A	0.381	-0.0087	0.0042	1	0.03801	37037
22_41410267_G_A	A	0.208	-0.0098	0.0048	1	0.04219	37037
11_74490228_A_C	C	0.392	-0.0052	0.004	1	0.1982	37037
22_50435480_A_G	G	0.456	0.0065	0.0049	1	0.19	37037
18_57904088_C_T	T	0.333	0.0093	0.0047	1	0.04513	37037
18_57841589_T_A	A	0.475	0.0085	0.004	1	0.03384	37037
9_125802470_A_G	G	0.15	0.018	0.0059	1	0.003153	37037
20_50955607_G_T	T	0.3	-0.0068	0.0045	1	0.133	37037
11_17246362_G_C	C	0.432	-0.0015	0.004	1	0.7099	37037
20_32557119_C_T	T	0.267	0.0027	0.0044	1	0.5293	37037
20_32645052_T_C	C	0.259	0.0033	0.0043	1	0.4492	37037
20_33164804_C_T	T	0.482	-0.0023	0.004	1	0.5691	37037
20_51093873_T_G	G	0.398	0.0068	0.0041	1	0.09545	37037
20_50967120_G_C	C	0.3	-0.0054	0.0044	1	0.218	37037
20_50853887_G_A	A	0.345	-0.0029	0.0042	1	0.4945	37037
8_9879451_C_G	G	0.146	0.0051	0.0057	1	0.37	37037
20_2100095_G_A	A	0.178	0.0055	0.0049	1	0.2598	37037
11_72474839_A_G	G	0.142	0.0099	0.0052	1	0.05928	37037
9_22026077_T_C	C	0.302	-0.0068	0.004	1	0.08548	37037
11_17247336_G_A	A	0.442	-0.0015	0.004	1	0.7075	37037
18_57884551_G_A	A	0.403	0.0081	0.0041	1	0.04747	37037
1_177852580_T_C	C	0.243	0.004	0.0053	1	0.4475	37037
9_22032152_T_G	G	0.379	-0.0085	0.004	1	0.03438	37037
3_127105611_T_C	C	0.257	0.002	0.0044	1	0.6398	37037
3_185536223_G_T	T	0.239	-0.0081	0.0048	1	0.08856	37037
3_64719091_G_C	C	0.458	-0.0077	0.0041	1	0.05684	37037
4_6295565_C_T	T	0.271	0.0089	0.0041	1	0.02834	37037
4_6295693_C_G	G	0.258	0.0082	0.0042	1	0.0516	37037
4_6324647_G_A	A	0.495	0.0012	0.0068	1	0.8622	37037
6_20541519_C_T	T	0.393	-0.0026	0.0041	1	0.5289	37037
6_20649254_A_T	T	0.107	-0.0052	0.0056	1	0.3534	37037
6_20659587_T_A	A	0.308	-0.005	0.0042	1	0.2315	37037
6_20659806_T_C	C	0.319	-0.0051	0.0042	1	0.226	37037
6_32663999_G_C	C	0.478	0.0065	0.004	1	0.101	37037
7_23730174_A_G	G	0.066	-0.002	0.0056	1	0.7142	37037
7_130442141_C_G	G	0.267	0.0075	0.0044	1	0.08856	37037
9_125707347_C_G	G	0.15	0.018	0.0059	1	0.00243	37037
15_91528358_G_A	A	0.217	0.0034	0.0042	1	0.4171	37037
16_69686912_A_G	G	0.429	0.0035	0.0066	1	0.5923	37037
19_5008399_G_A	A	0.274	-0.0027	0.005	1	0.5887	37037
22_30525549_C_T	T	0.041	-0.013	0.0074	1	0.0768	37037
4_104212156_C_T	T	0.383	5e-4	0.0041	1	0.9013	37037
2_43729212_G_A	A	0.083	0.012	0.007	1	0.09479	37037
2_43732488_T_C	C	0.089	0.012	0.007	1	0.08858	37037
2_43736171_T_C	C	0.083	0.012	0.007	1	0.08723	37037
3_23415782_G_C	C	0.184	-0.001	0.0044	1	0.8286	37037
18_54569235_C_G	G	0.173	0.0033	0.0056	1	0.5544	37037
9_3264933_G_C	C	0.125	-0.006	0.0062	1	0.3309	37037
18_57790225_T_G	G	0.354	0.0085	0.0044	1	0.05143	37037
18_57829135_T_C	C	0.283	0.012	0.0049	1	0.01234	37037
14_103876454_A_G	G	0.376	-0.0026	0.007	1	0.707	37037
10_94209939_C_T	T	0.277	0.001	0.0042	1	0.8184	37037
10_94344415_C_T	T	0.449	1e-4	0.004	1	0.9898	37037
10_94398118_A_G	G	0.438	0.0011	0.0041	1	0.7841	37037
10_94409800_C_T	T	0.474	-0.003	0.004	1	0.454	37037
10_114762237_G_A	A	0.42	-0.0071	0.004	1	0.07892	37037
10_114768609_A_G	G	0.42	-0.0067	0.004	1	0.09113	37037
8_9855805_C_A	A	0.371	0.004	0.0045	1	0.3684	37037
8_10635141_G_A	A	0.358	0.0075	0.004	1	0.05935	37037
8_10830743_T_C	C	0.378	0.0071	0.0044	1	0.1017	37037
18_57838401_G_A	A	0.283	0.012	0.0049	1	0.01631	37037
1_219628406_G_A	A	0.388	0.011	0.0041	1	0.009258	37037
1_206596899_G_A	A	0.408	-0.0032	0.0041	1	0.4358	37037
2_165557318_C_T	T	0.412	-0.0089	0.0042	1	0.0322	37037
2_165508300_T_C	C	0.411	-0.01	0.0041	1	0.01291	37037
2_43703684_G_C	C	0.083	0.012	0.007	1	0.08463	37037
2_43822006_A_G	G	0.1	0.0063	0.0063	1	0.318	37037
2_165539661_T_C	C	0.447	-0.012	0.004	1	0.00371	37037
2_43752346_A_G	G	0.06	0.013	0.0072	1	0.06425	37037
2_58931770_A_G	G	0.172	0.016	0.0056	1	0.00524	37037
2_43846553_G_T	T	0.137	0.005	0.0064	1	0.4289	37037
2_43834163_A_G	G	0.143	0.0057	0.0063	1	0.3659	37037
2_43753913_A_C	C	0.095	0.012	0.0068	1	0.07402	37037
2_60392625_T_A	A	0.158	-1e-4	0.0052	1	0.9847	37037
2_42951501_C_T	T	0.363	0.0013	0.0042	1	0.7475	37037
2_43703183_T_G	G	0.083	0.012	0.007	1	0.08401	37037
2_43677273_G_C	C	0.083	0.013	0.0071	1	0.07004	37037
2_43712785_G_T	T	0.083	0.012	0.007	1	0.09384	37037
2_226884900_G_A	A	0.092	0.0088	0.0057	1	0.1271	37037
2_43586287_T_G	G	0.067	0.0084	0.0072	1	0.2437	37037
2_43677253_T_A	A	0.083	0.013	0.007	1	0.07054	37037
2_43712163_T_G	G	0.083	0.012	0.007	1	0.09322	37037
2_202980718_A_G	G	0.491	0.0069	0.004	1	0.08298	37037
2_43845329_A_T	T	0.142	0.0074	0.0062	1	0.2298	37037
2_43752407_G_A	A	0.061	0.013	0.0071	1	0.07559	37037
2_43752548_G_A	A	0.124	0.013	0.0071	1	0.07919	37037
2_43754655_T_C	C	0.083	0.012	0.0071	1	0.0818	37037
2_43749436_T_G	G	0.133	0.012	0.007	1	0.08232	37037
2_43493049_C_T	T	0.142	0.005	0.0064	1	0.4317	37037
2_165507843_C_T	T	0.412	-0.011	0.0042	1	0.01048	37037
2_65653199_A_C	C	0.372	0.0047	0.0043	1	0.2701	37037
2_43528478_C_T	T	0.142	0.0053	0.0064	1	0.4073	37037
2_43734847_C_T	T	0.096	0.012	0.007	1	0.09077	37037
2_43505058_C_T	T	0.142	0.0047	0.0064	1	0.4609	37037
2_43735713_C_T	T	0.124	0.012	0.007	1	0.07656	37037
3_35659344_T_G	G	0.341	0.0039	0.0042	1	0.3515	37037
3_185520578_A_G	G	0.296	-0.0065	0.0042	1	0.1279	37037
3_185520732_A_C	C	0.248	-0.0095	0.0045	1	0.03513	37037
3_12301472_C_T	T	0.066	-0.021	0.0079	1	0.00785	37037
3_64700425_A_G	G	0.211	-0.0057	0.0043	1	0.1845	37037
3_64724632_C_T	T	0.474	0.011	0.0068	1	0.09433	37037
3_23198484_G_A	A	0.093	0.013	0.0064	1	0.04519	37037
8_8610783_A_C	C	0.32	0.0098	0.0044	1	0.02712	37037
3_185479733_G_T	T	0.177	-0.0043	0.0048	1	0.3775	37037
3_49995518_T_C	C	0.456	0.0076	0.0039	1	0.05376	37037
3_64705365_C_T	T	0.451	-0.0069	0.004	1	0.0859	37037
3_123095312_G_A	A	0.248	-0.0017	0.0049	1	0.7281	37037
3_185499057_C_G	G	0.259	-0.0079	0.0044	1	0.07225	37037
3_12391207_C_T	T	0.097	-0.016	0.0059	1	0.005118	37037
4_153520475_C_T	T	0.279	0.0052	0.0047	1	0.262	37037
5_53394938_T_C	C	0.327	-0.011	0.0044	1	0.0168	37037
11_65254201_T_C	C	0.381	0.0032	0.0043	1	0.4552	37037
4_48619937_C_T	T	0.456	7e-4	0.004	1	0.8598	37037
4_103936001_G_A	A	0.296	0.0023	0.0041	1	0.5824	37037
4_18053698_C_T	T	0.345	-0.001	0.0043	1	0.8243	37037
4_18094853_C_T	T	0.265	-0.0033	0.0049	1	0.49	37037
5_74534372_A_G	G	0.385	-0.0096	0.0041	1	0.02029	37037
5_44941630_C_T	T	0.348	0.0011	0.0041	1	0.7849	37037
5_76427311_G_A	A	0.267	-0.0049	0.0048	1	0.3048	37037
5_76439250_G_A	A	0.456	0.0011	0.0048	1	0.8213	37037
6_76335841_T_G	G	0.326	0.0011	0.0042	1	0.7893	37037
6_138773071_G_C	C	0.203	-0.0068	0.0058	1	0.2393	37037
6_20659459_G_A	A	0.391	-0.0056	0.0041	1	0.1747	37037
6_20760177_C_T	T	0.043	-4e-4	0.0077	1	0.9586	37037
6_20760612_C_T	T	0.487	-0.0041	0.004	1	0.309	37037
6_32375745_G_A	A	0.416	0.0056	0.0042	1	0.1798	37037
12_121197124_C_T	T	0.133	0.0041	0.0051	1	0.4162	37037
6_20703952_A_G	G	0.279	-0.0098	0.0044	1	0.02635	37037
6_20586575_G_A	A	0.067	-0.015	0.0097	1	0.1172	37037
6_20644494_G_A	A	0.258	-0.0038	0.0047	1	0.4258	37037
6_20717095_A_G	G	0.15	-0.0085	0.005	1	0.0879	37037
6_127779647_A_T	T	0.367	-9e-4	0.0041	1	0.8227	37037
5_102083354_A_C	C	0.392	-0.0025	0.004	1	0.521	37037
7_15052860_T_C	C	0.487	-0.0013	0.0041	1	0.7526	37037
7_15050305_C_G	G	0.433	-0.0012	0.004	1	0.7545	37037
7_28138193_A_G	G	0.304	0.0037	0.0045	1	0.4057	37037
7_15048611_T_G	G	0.438	0.0012	0.0041	1	0.7793	37037
7_15048814_T_C	C	0.45	-3e-4	0.004	1	0.937	37037
7_28156887_C_T	T	0.168	0.001	0.0049	1	0.8391	37037
8_129557523_G_A	A	0.175	3e-4	0.0058	1	0.9574	37037
8_11171087_A_C	C	0.366	-0.0055	0.004	1	0.1685	37037
8_41523745_G_A	A	0.186	0.0078	0.0046	1	0.09086	37037
8_9200472_A_C	C	0.344	0.0017	0.0041	1	0.6858	37037
8_9578255_G_A	A	0.326	0.0029	0.0041	1	0.4786	37037
8_10580550_G_C	C	0.432	0.0028	0.0041	1	0.5032	37037
8_19876797_T_C	C	0.125	-0.014	0.0067	1	0.03249	37037
9_15823667_T_C	C	0.419	-0.0019	0.004	1	0.642	37037
9_22129579_C_T	T	0.183	-0.0056	0.0063	1	0.3777	37037
9_97793139_A_T	T	0.124	1e-4	0.006	1	0.9881	37037
9_22054040_C_T	T	0.367	0.007	0.004	1	0.07801	37037
9_4289050_C_A	A	0.475	-0.0073	0.0039	1	0.06444	37037
10_80953393_G_C	C	0.429	-5e-4	0.004	1	0.9049	37037
10_80942721_A_G	G	0.407	-0.0019	0.0041	1	0.6388	37037
10_114789077_T_C	C	0.436	-0.006	0.004	1	0.1343	37037
10_114812071_T_C	C	0.425	-0.0062	0.004	1	0.1172	37037
10_94120376_G_T	T	0.422	-0.0034	0.004	1	0.3893	37037
10_94414263_A_C	C	0.491	-0.003	0.0041	1	0.4548	37037
10_76896562_T_C	C	0.381	-0.001	0.004	1	0.7949	37037
10_94176088_T_C	C	0.402	0.0042	0.0043	1	0.327	37037
10_114796048_A_G	G	0.416	-0.0064	0.004	1	0.1058	37037
11_47461693_G_A	A	0.356	3e-4	0.0044	1	0.9452	37037
11_72707441_A_C	C	0.15	0.0096	0.0049	1	0.04922	37037
11_72407269_A_G	G	0.432	-0.001	0.004	1	0.8073	37037
11_43817320_C_G	G	0.224	-0.0047	0.0045	1	0.2925	37037
8_8103782_C_T	T	0.403	0.0066	0.0044	1	0.1388	37037
11_17163427_C_T	T	0.456	3e-4	0.0039	1	0.9437	37037
11_17412960_A_G	G	0.341	0.0018	0.0042	1	0.6609	37037
11_85027586_G_C	C	0.042	-0.0058	0.0091	1	0.5265	37037
12_66168151_G_T	T	0.128	0.0031	0.0061	1	0.6139	37037
22_50451771_C_T	T	0.434	0.0055	0.0041	1	0.1775	37037
12_71439589_C_T	T	0.429	0.0055	0.004	1	0.1664	37037
14_91971265_T_C	C	0.425	-0.0015	0.004	1	0.7132	37037
14_103886757_A_G	G	0.358	8e-4	0.0041	1	0.8524	37037
15_91566862_C_T	T	0.292	0.006	0.0042	1	0.15	37037
15_57029792_T_C	C	0.008	-0.019	0.012	1	0.1211	37037
15_77832762_G_A	A	0.292	-7e-4	0.0044	1	0.8661	37037
15_77747190_A_G	G	0.319	-0.0014	0.0043	1	0.7407	37037
16_53822651_A_G	G	0.442	0.014	0.004	1	4.043e-4	37037
16_53828752_A_G	G	0.351	0.0085	0.0044	1	0.04993	37037
16_53810686_T_C	C	0.45	0.015	0.004	1	2.074e-4	37037
16_53821862_C_T	T	0.473	0.013	0.004	1	0.001647	37037
16_53821615_A_G	G	0.456	0.011	0.0067	1	0.09319	37037
16_69894432_A_G	G	0.475	0.003	0.0039	1	0.4428	37037
16_75247245_T_G	G	0.111	0.0059	0.0065	1	0.3701	37037
17_18005073_A_G	G	0.237	0.0027	0.0041	1	0.508	37037
17_40656043_T_G	G	0.107	0.0068	0.008	1	0.3927	37037
18_57901950_T_G	G	0.367	0.0067	0.0042	1	0.1121	37037
18_36917981_C_T	T	0.23	0.0044	0.0052	1	0.394	37037
18_57734857_C_T	T	0.27	0.01	0.0046	1	0.03055	37037
18_57738602_T_G	G	0.275	0.0097	0.0047	1	0.0373	37037
5_44796042_T_C	C	0.324	0.0021	0.0041	1	0.6139	37037
12_41960920_C_T	T	0.283	-0.0055	0.0041	1	0.1787	37037
13_59037838_T_C	C	0.138	-0.0077	0.0054	1	0.158	37037
4_6303354_G_A	A	0.35	0.0069	0.0041	1	0.09084	37037
17_29684553_C_T	T	0.402	-0.001	0.0041	1	0.7989	37037
16_89616558_T_C	C	0.01	0.025	0.019	1	0.1871	37037
4_185716232_T_C	C	0.175	-0.0038	0.0057	1	0.5026	37037
8_10503525_A_G	G	0.338	-0.011	0.0048	1	0.02768	37037
1_93163385_A_G	G	0.353	0.0051	0.0068	1	0.4537	37037
6_32299715_G_A	A	0.394	0.0052	0.0041	1	0.1967	37037
6_20665081_G_A	A	0.108	-0.0045	0.0056	1	0.4252	37037
3_64710850_T_C	C	0.458	-0.0074	0.004	1	0.06492	37037
3_185036664_T_C	C	0.155	-0.004	0.0054	1	0.4599	37037
6_20767471_C_T	T	0.059	-0.0024	0.0069	1	0.7331	37037
6_20773752_C_T	T	0.455	0.0026	0.004	1	0.5159	37037
8_110063614_C_T	T	0.383	0.0041	0.0039	1	0.2933	37037
3_114939510_G_A	A	0.21	0.0016	0.0049	1	0.7425	37037
15_84584959_C_T	T	0.475	-5e-4	0.0039	1	0.9025	37037
17_36101156_T_C	C	0.434	0.01	0.0056	1	0.06391	37037
8_41525914_C_T	T	0.186	0.0078	0.0046	1	0.08708	37037
17_17660347_C_T	T	0.319	-0.0033	0.0042	1	0.4236	37037
4_6281961_C_T	T	0.27	0.0026	0.0043	1	0.5532	37037
1_214147889_T_C	C	0.451	0.0028	0.004	1	0.488	37037
1_155728088_A_T	T	0.431	0.0015	0.0044	1	0.731	37037
2_18721662_G_A	A	0.456	0.001	0.0042	1	0.8174	37037
2_43701951_G_T	T	0.083	0.012	0.007	1	0.08107	37037
2_43668261_C_T	T	0.083	0.013	0.007	1	0.06467	37037
2_43706002_T_C	C	0.124	0.012	0.007	1	0.0976	37037
11_17418477_C_A	A	0.388	0.0036	0.0042	1	0.389	37037
17_36096515_T_C	C	0.433	0.011	0.0059	1	0.05828	37037
2_43685109_C_A	A	0.083	0.013	0.007	1	0.06207	37037
2_60581094_T_C	C	0.491	-1e-4	0.0041	1	0.9711	37037
2_43841269_C_T	T	0.137	0.0061	0.0063	1	0.3261	37037
2_227020653_A_G	G	0.35	-0.0071	0.0043	1	0.09867	37037
2_43732823_T_C	C	0.124	0.0091	0.0069	1	0.1893	37037
2_105176835_T_A	A	0.319	-1e-4	0.0044	1	0.9758	37037
2_43702151_A_G	G	0.083	0.012	0.007	1	0.08206	37037
2_100665274_T_G	G	0.229	-0.0044	0.0053	1	0.3976	37037
2_43685493_A_G	G	0.083	0.013	0.007	1	0.06171	37037
2_43710807_A_G	G	0.083	0.012	0.007	1	0.09176	37037
2_43841119_A_G	G	0.1	0.006	0.0063	1	0.3388	37037
2_43494177_T_C	C	0.177	0.0046	0.0064	1	0.4654	37037
2_43629931_G_T	T	0.067	0.0086	0.0071	1	0.2269	37037
2_43672499_A_C	C	0.037	0.013	0.007	1	0.06836	37037
3_123070517_C_T	T	0.17	-0.0023	0.0053	1	0.6639	37037
3_122936419_A_G	G	0.15	0.0061	0.0048	1	0.2055	37037
3_185510613_T_G	G	0.296	-0.0066	0.0043	1	0.1182	37037
3_12383714_G_A	A	0.097	-0.017	0.0058	1	0.004282	37037
3_185522447_G_A	A	0.274	-0.0075	0.0044	1	0.08555	37037
3_185547917_C_T	T	0.447	-0.0091	0.0041	1	0.02823	37037
3_185514931_T_C	C	0.296	-0.0066	0.0042	1	0.1209	37037
3_12391813_G_A	A	0.097	-0.016	0.0058	1	0.004632	37037
3_185490734_T_G	G	0.243	-0.0099	0.0047	1	0.03395	37037
3_12392272_C_T	T	0.068	-0.016	0.0058	1	0.005484	37037
3_185513392_A_G	G	0.296	-0.0066	0.0043	1	0.1235	37037
4_45133240_A_G	G	0.296	0.0063	0.0043	1	0.1494	37037
4_103887331_G_A	A	0.475	0.0043	0.0039	1	0.2753	37037
4_17811914_A_C	C	0.341	0.0083	0.0044	1	0.05827	37037
4_153513369_T_A	A	0.31	0.0056	0.0044	1	0.1955	37037
4_103988899_G_T	T	0.433	0.0013	0.0041	1	0.7435	37037
4_95936567_G_T	T	0.402	-0.002	0.0042	1	0.6346	37037
4_185631998_T_C	C	0.216	-0.0033	0.0053	1	0.53	37037
4_153254121_C_T	T	0.27	0.0053	0.0044	1	0.2339	37037
4_77551310_C_T	T	0.415	5e-4	0.004	1	0.9085	37037
4_6324246_A_G	G	0.372	-0.0024	0.0069	1	0.7279	37037
5_76425867_G_A	A	0.261	-0.0051	0.0049	1	0.2976	37037
5_44922704_C_G	G	0.347	-0.0013	0.0041	1	0.7441	37037
5_101551842_C_T	T	0.092	-0.0032	0.0072	1	0.6579	37037
5_74923321_G_A	A	0.217	-0.011	0.0048	1	0.024	37037
6_20731524_A_C	C	0.097	-0.0049	0.0055	1	0.3726	37037
6_7195684_C_T	T	0.23	0.0011	0.0051	1	0.8343	37037
6_20725423_G_C	C	0.204	-0.0076	0.0048	1	0.1091	37037
6_20665549_G_A	A	0.305	-0.0052	0.0042	1	0.2167	37037
6_20660223_C_T	T	0.2	-0.004	0.005	1	0.4201	37037
6_20537961_A_G	G	0.067	-0.014	0.0097	1	0.1606	37037
6_20661250_G_C	C	0.336	-0.0051	0.0042	1	0.2209	37037
6_138781749_C_T	T	0.195	-0.0078	0.0058	1	0.1794	37037
6_153367347_T_G	G	0.322	0.0024	0.0042	1	0.5707	37037
6_20751241_C_G	G	0.475	0.0019	0.004	1	0.6364	37037
6_20725240_T_C	C	0.159	-0.0083	0.0051	1	0.1022	37037
6_20633907_G_A	A	0.133	3e-4	0.005	1	0.9572	37037
2_166535918_C_T	T	0.5	0.0029	0.0068	1	0.6737	37037
6_20955332_T_C	C	0.327	0.0043	0.0045	1	0.33	37037
7_15047637_A_G	G	0.438	-1e-4	0.0041	1	0.9873	37037
7_15055616_G_A	A	0.456	0.0016	0.0041	1	0.6847	37037
2_27742603_T_C	C	0.394	0.019	0.004	1	1.31e-6	37037
2_27741237_T_C	C	0.394	0.02	0.0041	1	7.626e-7	37037
7_28245082_A_G	G	0.143	0.0053	0.006	1	0.3831	37037
10_80935083_G_C	C	0.464	-0.004	0.0046	1	0.3892	37037
8_11453671_T_C	C	0.375	-0.0028	0.0046	1	0.5418	37037
17_3966064_A_G	G	0.403	-0.0045	0.0041	1	0.2723	37037
17_3953083_T_C	C	0.394	-0.01	0.0067	1	0.1326	37037
1_72906385_G_A	A	0.186	-0.0049	0.0052	1	0.3376	37037
8_10954391_A_G	G	0.339	0.006	0.0044	1	0.1715	37037
9_33905525_G_C	C	0.392	-0.0081	0.0041	1	0.04866	37037
9_22031005_G_A	A	0.447	0.0076	0.004	1	0.05618	37037
9_96933251_G_A	A	0.355	3e-4	0.0042	1	0.9442	37037
9_28411632_T_C	C	0.45	-0.0017	0.004	1	0.6594	37037
10_114766717_C_T	T	0.128	-0.0011	0.0056	1	0.8406	37037
10_94395748_A_C	C	0.392	2e-4	0.004	1	0.9516	37037
10_114732906_A_C	C	0.42	-0.006	0.004	1	0.1356	37037
10_114754088_T_C	C	0.281	-0.0077	0.0045	1	0.088	37037
10_114758349_C_T	T	0.279	-0.0096	0.0045	1	0.03363	37037
10_94436851_T_C	C	0.496	-0.0046	0.004	1	0.2487	37037
10_94382950_T_C	C	0.438	0.0011	0.0041	1	0.7813	37037
10_114732882_T_C	C	0.42	-0.0053	0.004	1	0.1946	37037
10_94481917_G_A	A	0.367	8e-4	0.0041	1	0.846	37037
10_94482076_C_T	T	0.367	7e-4	0.004	1	0.8599	37037
10_114787012_T_C	C	0.417	-0.0062	0.004	1	0.1165	37037
11_17372443_C_A	A	0.416	-0.0011	0.004	1	0.7918	37037
11_128236058_C_A	A	0.223	5e-4	0.0044	1	0.9101	37037
11_92684322_G_A	A	0.375	0.0092	0.0041	1	0.02365	37037
11_92690032_G_T	T	0.307	0.0082	0.0042	1	0.05129	37037
11_17085192_A_C	C	0.257	-0.0026	0.0045	1	0.5717	37037
11_92706175_G_A	A	0.465	0.0039	0.0041	1	0.3512	37037
12_121403724_G_A	A	0.469	0.0055	0.004	1	0.1689	37037
12_4238173_C_T	T	0.018	0.0075	0.012	1	0.541	37037
12_71433293_C_T	T	0.42	0.0055	0.0041	1	0.1767	37037
12_123544878_A_G	G	0.317	-0.0017	0.0044	1	0.6979	37037
12_121460686_T_A	A	0.15	0.0067	0.0049	1	0.1701	37037
12_27946919_T_C	C	0.212	0.0015	0.0048	1	0.7596	37037
12_121471931_C_T	T	0.142	0.0061	0.005	1	0.222	37037
13_80619837_C_T	T	0.432	0.0072	0.004	1	0.06667	37037
13_80616868_G_A	A	0.447	0.0082	0.004	1	0.03883	37037
14_79955415_C_T	T	0.35	0.0099	0.0044	1	0.02282	37037
15_91527451_T_A	A	0.132	0.0014	0.0051	1	0.7881	37037
15_38834033_T_C	C	0.301	0.0036	0.0047	1	0.4453	37037
15_57421355_T_C	C	0.384	-0.0024	0.004	1	0.5553	37037
15_91521337_C_A	A	0.261	0.0033	0.0043	1	0.4393	37037
16_53798523_G_A	A	0.433	0.014	0.0043	1	0.001112	37037
16_53816275_C_A	A	0.46	0.014	0.0041	1	4.046e-4	37037
16_53816752_A_G	G	0.448	0.015	0.004	1	2.856e-4	37037
16_20376078_G_A	A	0.415	-0.0061	0.0041	1	0.139	37037
16_30046042_G_A	A	0.496	-0.0046	0.0044	1	0.2901	37037
16_53803156_G_A	A	0.424	0.013	0.0041	1	0.001108	37037
16_53812614_G_A	A	0.46	0.013	0.004	1	0.001377	37037
17_3842491_G_A	A	0.23	0.0078	0.0052	1	0.1355	37037
17_4156160_G_A	A	0.336	-0.0048	0.0041	1	0.236	37037
17_3985864_G_A	A	0.288	-0.0043	0.0042	1	0.3132	37037
17_65938655_G_A	A	0.221	-0.0033	0.0049	1	0.5038	37037
17_61857937_T_G	G	0.325	-3e-4	0.0044	1	0.9423	37037
18_57793589_C_A	A	0.367	0.0088	0.0044	1	0.04412	37037
18_57751960_T_C	C	0.274	0.01	0.0047	1	0.03202	37037
6_26226032_C_G	G	0.267	0.0058	0.0047	1	0.2204	37037
9_22064391_G_A	A	0.342	0.0072	0.0041	1	0.07874	37037
10_124160581_G_A	A	0.45	0.0031	0.0041	1	0.4472	37037
17_76789991_A_T	T	0.473	1e-4	0.004	1	0.9775	37037
10_72601396_A_T	T	0.183	-0.0066	0.005	1	0.1837	37037
5_102538752_T_C	C	0.333	0.0019	0.0042	1	0.6535	37037
7_28196413_G_A	A	0.491	0.0012	0.004	1	0.7687	37037
7_28179396_C_T	T	0.397	0.0032	0.0041	1	0.439	37037
7_28183702_T_C	C	0.371	0.0031	0.0041	1	0.4464	37037
7_28185091_A_G	G	0.274	0.0057	0.0044	1	0.1991	37037
7_28185891_T_C	C	0.483	0.0013	0.0039	1	0.7494	37037
7_28208836_T_G	G	0.15	0.0049	0.0059	1	0.4103	37037
7_28260312_G_A	A	0.45	0.0057	0.005	1	0.2511	37037
7_28224053_A_G	G	0.353	-0.0016	0.0042	1	0.6955	37037
20_51256226_G_A	A	0.358	0.0058	0.0041	1	0.1571	37037
14_74978865_C_T	T	0.385	0.012	0.0068	1	0.07199	37037
7_28180556_T_C	C	0.487	0.0011	0.0039	1	0.7707	37037
4_95019816_C_A	A	0.465	-0.0034	0.004	1	0.3936	37037
15_77872039_G_C	C	0.333	8e-4	0.004	1	0.8481	37037
2_227180619_G_T	T	0.367	0.0085	0.0041	1	0.03833	37037
7_28172586_T_C	C	0.199	0.0032	0.0048	1	0.4978	37037
3_64710253_G_A	A	0.45	-0.0082	0.0041	1	0.04236	37037
2_227179630_C_G	G	0.383	0.0085	0.0041	1	0.03882	37037
6_32254654_A_G	G	0.396	0.0056	0.0041	1	0.1741	37037
6_32574060_A_C	C	0.204	0.0078	0.0055	1	0.1597	37037
6_32594328_C_T	T	0.217	0.0086	0.0052	1	0.09792	37037
6_32670214_A_C	C	0.167	0.002	0.0048	1	0.6796	37037
6_32439828_G_A	A	0.417	0.0019	0.0045	1	0.6628	37037
6_20652717_C_G	G	0.308	-0.0051	0.0042	1	0.224	37037
6_20652765_A_G	G	0.146	-0.005	0.0052	1	0.3383	37037
6_20716253_G_A	A	0.204	-0.0083	0.0048	1	0.08276	37037
9_125990243_C_T	T	0.058	-0.021	0.0077	1	0.00546	37037
17_76799898_A_G	G	0.495	-0.0048	0.0066	1	0.4616	37037
2_43554397_T_A	A	0.158	0.0014	0.0051	1	0.7808	37037
2_43554972_C_A	A	0.212	0.0019	0.0051	1	0.7166	37037
6_140595744_T_C	C	0.208	-0.0059	0.0048	1	0.2247	37037
11_35017205_G_T	T	0.257	0.0021	0.0043	1	0.6167	37037
6_7317608_G_A	A	0.208	-0.0053	0.0051	1	0.2959	37037
6_20641336_C_T	T	0.106	-0.0042	0.0058	1	0.4627	37037
6_20584423_G_A	A	0.315	1e-4	0.0041	1	0.9837	37037
6_20667799_A_G	G	0.125	-0.0049	0.0054	1	0.3667	37037
6_20683164_G_A	A	0.277	-0.009	0.0042	1	0.03214	37037
6_20740296_C_T	T	0.372	0.0019	0.0041	1	0.6448	37037
6_20667688_C_T	T	0.111	-0.005	0.0057	1	0.377	37037
6_20720279_T_C	C	0.097	-0.0051	0.0056	1	0.3647	37037
6_20725007_T_A	A	0.214	-0.0077	0.0048	1	0.1057	37037
6_20725097_T_A	A	0.092	-0.0051	0.0056	1	0.3604	37037
6_20844151_G_A	A	0.379	-0.0064	0.0042	1	0.1221	37037
6_20576666_G_A	A	0.301	7e-4	0.0042	1	0.8574	37037
6_20654897_T_C	C	0.167	-0.0055	0.0051	1	0.2787	37037
6_20667382_T_C	C	0.314	-0.0052	0.0042	1	0.2187	37037
6_20719393_A_C	C	0.092	-0.0058	0.0056	1	0.2972	37037
6_20773560_G_A	A	0.433	-0.0037	0.004	1	0.3602	37037
6_20545468_A_G	G	0.381	-0.002	0.0041	1	0.6259	37037
6_20599628_C_T	T	0.302	-1e-4	0.0041	1	0.98	37037
6_20580893_G_T	T	0.301	5e-4	0.0042	1	0.9035	37037
6_20686996_C_A	A	0.281	-0.0091	0.0043	1	0.03621	37037
6_20719232_T_A	A	0.15	-0.0086	0.005	1	0.0856	37037
6_20723057_T_C	C	0.142	-0.0083	0.0051	1	0.1018	37037
6_140468458_C_G	G	0.113	-0.006	0.0048	1	0.212	37037
6_140518916_C_T	T	0.208	-0.0032	0.0052	1	0.5439	37037
6_126704795_C_T	T	0.388	-0.0011	0.0041	1	0.789	37037
6_126785062_A_G	G	0.42	4e-4	0.004	1	0.9281	37037
6_126970895_C_A	A	0.456	0.0037	0.004	1	0.3588	37037
6_130354855_T_C	C	0.305	0.0013	0.0045	1	0.7721	37037
6_140585723_T_G	G	0.167	-0.0063	0.0048	1	0.191	37037
6_7195009_G_A	A	0.207	0.005	0.0046	1	0.2862	37037
3_183701147_G_C	C	0.408	-0.0036	0.0039	1	0.3587	37037
6_43825459_G_T	T	0.422	-0.0048	0.0045	1	0.2862	37037
6_153416912_G_A	A	0.389	0.002	0.004	1	0.6111	37037
6_140433292_G_A	A	0.16	-0.0059	0.0048	1	0.2155	37037
6_126755055_A_G	G	0.408	4e-4	0.004	1	0.9154	37037
6_126877523_A_G	G	0.447	0.0034	0.004	1	0.4025	37037
12_123491572_G_A	A	0.288	7e-4	0.0048	1	0.8902	37037
10_77626488_C_G	G	0.299	9e-4	0.0046	1	0.841	37037
1_219756193_C_T	T	0.258	-0.013	0.0046	1	0.003941	37037
9_22051670_G_C	C	0.367	0.0071	0.004	1	0.07411	37037
6_20528834_G_A	A	0.132	-0.011	0.0067	1	0.09353	37037
6_20648762_A_G	G	0.45	0.003	0.0041	1	0.4574	37037
6_20656767_G_A	A	0.2	-0.0038	0.005	1	0.4432	37037
6_20719561_G_A	A	0.15	-0.0086	0.005	1	0.08673	37037
6_20629708_C_T	T	0.136	8e-4	0.005	1	0.8778	37037
6_20634428_G_T	T	0.133	2e-4	0.005	1	0.9699	37037
6_20639409_C_T	T	0.121	-4e-4	0.0051	1	0.943	37037
6_20717255_T_C	C	0.164	-0.0086	0.005	1	0.08479	37037
6_20757646_T_A	A	0.451	0.0022	0.004	1	0.5801	37037
6_20774313_T_C	C	0.458	0.0014	0.0042	1	0.7288	37037
6_43826681_C_T	T	0.233	-0.0034	0.0047	1	0.4645	37037
10_94495753_C_A	A	0.447	-2e-4	0.0043	1	0.9569	37037
6_127251021_G_A	A	0.115	0.0031	0.006	1	0.6085	37037
12_61227957_T_C	C	0.18	0.0058	0.0055	1	0.2909	37037
17_17783748_A_G	G	0.332	9e-4	0.004	1	0.8147	37037
2_227062080_A_G	G	0.358	0.0099	0.0042	1	0.01873	37037
13_41607087_C_T	T	0.375	-0.0026	0.004	1	0.5181	37037
13_109944192_C_T	T	0.416	0.0047	0.0041	1	0.2557	37037
13_51085041_G_A	A	0.257	-7e-4	0.0049	1	0.8934	37037
13_58314069_T_G	G	0.235	-0.012	0.0047	1	0.01194	37037
6_137291971_G_A	A	0.208	0.0035	0.0045	1	0.4406	37037
11_27734420_T_C	C	0.319	0.0063	0.0043	1	0.1436	37037
13_51096095_A_T	T	0.314	0.0019	0.0044	1	0.6642	37037
4_95032367_G_A	A	0.492	-0.0037	0.004	1	0.3532	37037
5_74466737_C_T	T	0.367	-0.0092	0.0041	1	0.02469	37037
7_104667334_G_A	A	0.164	0.003	0.0054	1	0.5783	37037
3_86874663_T_G	G	0.385	5e-4	0.0041	1	0.8946	37037
5_55861786_C_T	T	0.195	0.0084	0.0051	1	0.1013	37037
6_20741383_G_A	A	0.392	0.0012	0.004	1	0.768	37037
7_130466854_A_G	G	0.45	0.0095	0.0041	1	0.01937	37037
6_20662123_A_G	G	0.456	0.0026	0.0041	1	0.5192	37037
3_185530322_G_A	A	0.248	-0.01	0.0045	1	0.02431	37037
3_49792158_T_G	G	0.46	-0.011	0.004	1	0.007591	37037
3_46957298_G_A	A	0.35	-0.001	0.0042	1	0.8071	37037
3_185534482_G_A	A	0.296	-0.0071	0.0042	1	0.09267	37037
3_64701146_A_G	G	0.243	-0.0067	0.0043	1	0.1245	37037
3_64704891_T_C	C	0.25	-0.0055	0.0042	1	0.195	37037
3_69791738_G_A	A	0.274	0.0095	0.0052	1	0.06894	37037
4_89706643_C_G	G	0.469	0.0097	0.004	1	0.01429	37037
3_149183359_C_T	T	0.442	0.0042	0.0041	1	0.3098	37037
17_47106878_T_G	G	0.345	-0.0056	0.0043	1	0.1922	37037
10_112813225_C_T	T	0.181	-0.0052	0.0052	1	0.3217	37037
17_37556431_G_C	C	0.25	0.0063	0.0046	1	0.1713	37037
17_17770965_T_C	C	0.319	4e-4	0.0041	1	0.927	37037
17_4184641_C_A	A	0.284	0.0047	0.007	1	0.5055	37037
16_53806280_C_G	G	0.438	0.013	0.0041	1	0.001114	37037
16_53831146_C_T	T	0.475	0.013	0.004	1	8.067e-4	37037
16_53801549_C_T	T	0.475	0.014	0.0041	1	4.793e-4	37037
16_53819198_G_C	C	0.442	0.014	0.004	1	6.62e-4	37037
16_75246419_C_T	T	0.124	0.0066	0.006	1	0.2683	37037
16_53799905_A_G	G	0.483	0.015	0.0041	1	4.31e-4	37037
16_53830452_A_G	G	0.483	0.013	0.004	1	8.158e-4	37037
16_53830465_A_G	G	0.482	0.013	0.004	1	8.184e-4	37037
16_53830491_T_C	C	0.475	0.013	0.004	1	8.087e-4	37037
18_36285281_A_G	G	0.133	0.011	0.0061	1	0.05963	37037
16_53819169_T_C	C	0.427	0.015	0.0041	1	3.252e-4	37037
16_53799507_G_A	A	0.464	0.015	0.0041	1	4.478e-4	37037
16_53800568_G_A	A	0.482	0.015	0.0041	1	4.271e-4	37037
16_53800754_G_A	A	0.487	0.014	0.0041	1	5.232e-4	37037
7_14898152_T_C	C	0.258	0.0036	0.0041	1	0.376	37037
18_57869750_C_T	T	0.341	0.0062	0.0043	1	0.1526	37037
18_58052665_C_T	T	0.033	-0.005	0.011	1	0.6454	37037
18_57912785_G_A	A	0.332	0.006	0.0043	1	0.1629	37037
18_56881633_C_A	A	0.15	-0.0089	0.005	1	0.0749	37037
4_153411843_T_C	C	0.274	0.0037	0.0043	1	0.3788	37037
