VAR_ID	Effect_Allele_PH	EAF_PH	MAF_PH	ODDS_RATIO	P_VALUE	Neff
8_145977731_T_C	C	0.45	0.45	0.964640293483123	2.1e-8	231420
6_80747378_A_G	G	0.57	0.43	0.969475573076026	1.6e-6	231420
2_226908993_A_T	T	0.23	0.23	0.941764533584249	1.2e-15	231420
6_31467111_G_T	T	0.31	0.31	1.03977048365016	1.3e-7	187126
11_85027586_G_C	C	0.043	0.043	0.928671693841287	5e-6	231420
11_34905145_T_C	C	0.72	0.28	0.964640293483123	4e-7	231420
20_51157222_G_A	A	0.19	0.19	0.9627129408912	4.9e-6	231420
10_124161791_T_C	C	0.4	0.4	1.03561970879962	6e-8	231420
8_8311321_A_C	C	0.38	0.38	1.03458460672812	3.9e-7	231109
6_7037637_G_A	A	0.54	0.46	0.961750709146367	9.6e-10	231420
18_40075983_A_C	C	0.21	0.21	1.04081077419239	2.8e-7	231420
22_41628902_G_T	T	0.37	0.37	0.968506582079198	1.7e-6	231420
6_140459265_A_C	C	0.21	0.21	0.961750709146367	7.7e-7	231109
8_11130977_G_T	T	0.56	0.44	0.967538559589032	3.9e-7	231109
6_140518916_C_T	T	0.21	0.21	0.9627129408912	1.7e-6	231109
12_123637509_G_C	C	0.71	0.29	1.03458460672812	1.4e-6	231420
12_132498260_T_C	C	0.1	0.1	1.05442964511936	1.3e-6	231420
8_11171087_A_C	C	0.4	0.4	1.03251750530512	1.3e-6	231109
8_9651096_G_C	C	0.32	0.32	1.03665584649092	1.6e-7	231109
3_12365308_G_T	T	0.12	0.12	0.90483741803596	1.1e-26	231420
11_47899030_C_T	T	0.45	0.45	0.967538559589032	3e-7	231109
4_185727839_T_A	A	0.15	0.15	0.935195201336777	2.8e-13	231420
5_102427843_G_C	C	0.36	0.36	1.03977048365016	6.2e-9	231420
8_11345644_A_G	G	0.55	0.45	0.966571504637507	1.5e-7	231109
2_59627114_T_G	G	0.48	0.48	1.02942459447513	5e-6	231420
15_62388530_T_C	C	0.44	0.44	0.954087397590371	4.7e-13	231420
15_84584959_C_T	T	0.51	0.49	1.02942459447513	3.8e-6	231420
8_10503525_A_G	G	0.4	0.4	1.03251750530512	2.1e-6	231109
3_64724632_C_T	T	0.59	0.41	1.04812200907966	1.1e-12	231420
5_102305065_C_A	A	0.31	0.31	1.04812200907966	5.9e-12	231420
1_51525330_C_T	T	0.11	0.11	0.947432106501798	9.7e-8	231109
22_50422420_C_G	G	0.5	0.5	0.961750709146367	3e-9	231420
12_6690190_A_C	C	0.16	0.16	1.04081077419239	3.5e-6	231420
8_41578748_C_G	G	0.13	0.13	0.944594069366523	1.7e-9	231420
13_59144201_A_G	G	0.32	0.32	0.9627129408912	3.5e-8	231420
5_102304496_G_A	A	0.32	0.32	1.04498235488844	1.4e-10	231420
8_116588326_C_A	A	0.57	0.43	0.966571504637507	2e-7	231420
8_9799953_G_C	C	0.11	0.11	1.05442964511936	1.4e-7	231109
5_74524837_A_G	G	0.36	0.36	0.968506582079198	1.3e-6	231420
8_115872775_T_A	A	5e-4	5e-4	3.66929666761924	3.1e-6	115856
2_65331134_G_A	A	0.7	0.3	1.03355053924131	1.9e-6	231420
13_80718654_G_A	A	0.36	0.36	0.94082323977601	1.7e-19	231420
6_126704795_C_T	T	0.44	0.44	1.05022035074003	4.5e-14	231420
17_46121228_G_T	T	0.076	0.076	0.941764533584249	9.1e-7	231420
6_31290493_T_C	C	0.37	0.37	1.04081077419239	1.6e-9	231109
5_74545798_A_G	G	0.37	0.37	0.966571504637507	3e-7	231420
4_89706643_C_G	G	0.47	0.47	1.03458460672812	1.8e-7	231420
4_103573863_C_T	T	0.49	0.49	1.03251750530512	6.8e-7	231420
8_116505084_T_G	G	0.45	0.45	1.03355053924131	2.8e-7	231420
6_127068347_A_G	G	0.5	0.5	0.957911390067031	1.2e-11	231420
4_20103029_A_C	C	0.86	0.14	0.9559974818331	8e-7	231420
19_12484469_G_A	A	0.54	0.46	0.969475573076026	1.6e-6	231420
15_41986411_C_T	T	0.35	0.35	1.0387312328785	1.4e-8	231420
2_25766479_G_C	C	0.29	0.29	0.967538559589032	3.9e-6	231420
15_57482738_A_C	C	0.04	0.04	1.09746173526808	4.7e-8	231420
3_23523106_G_T	T	0.034	0.034	1.11627807045887	2.7e-10	231420
12_97843343_A_C	C	0.0600000000000001	0.0600000000000001	0.931461892127592	3.6e-7	231420
11_43822885_A_G	G	0.69	0.31	0.953133787077505	1.7e-12	231420
3_23426071_T_A	A	0.094	0.094	0.938004999530729	4.6e-9	231420
11_17385224_C_A	A	0.61	0.39	0.937067463377403	6.3e-23	231420
2_614210_A_G	G	0.83	0.17	1.0523228932832	1.9e-9	231420
1_111193250_C_T	T	0.16	0.16	0.959829129947799	2.1e-6	231420
6_32249987_T_C	C	0.84	0.16	1.07036530847877	2.4e-14	231109
9_96945072_T_C	C	0.29	0.29	0.965605416257566	6.3e-7	231420
5_53285656_A_G	G	0.63	0.37	1.03977048365016	5.7e-9	231420
8_10732905_A_G	G	0.75	0.25	1.04081077419239	7.1e-8	231109
4_95223698_T_C	C	0.59	0.41	0.964640293483123	2.3e-8	231420
15_63922474_T_C	C	0.59	0.41	0.961750709146367	2.1e-9	231420
2_226965347_G_T	T	0.23	0.23	0.941764533584249	1.1e-15	231420
5_101712130_G_T	T	0.34	0.34	0.968506582079198	1.7e-6	231420
8_129561866_C_T	T	0.13	0.13	1.05442964511936	1.2e-8	231420
2_60552476_T_C	C	0.4	0.4	0.951229424500714	2.1e-14	231420
8_10598822_C_T	T	0.6	0.4	0.960789439152323	1.1e-9	231109
8_116563879_A_C	C	0.57	0.43	0.966571504637507	1.5e-7	231420
9_22028406_C_A	A	0.32	0.32	0.957911390067031	2.1e-10	231420
5_44706931_G_A	A	0.39	0.39	1.03769302083816	1.6e-8	231109
6_34247047_C_T	T	0.041	0.041	1.08980632830513	2e-7	231420
20_42226487_C_T	T	0.8	0.2	1.03769302083816	2.7e-6	231420
6_31778272_G_A	A	0.81	0.19	1.0523228932832	3.1e-10	231109
1_214112209_C_T	T	0.045	0.045	0.925889853606495	6.8e-7	231420
17_4172117_T_G	G	0.68	0.32	0.966571504637507	5.8e-7	231420
11_2665580_T_G	G	0.89	0.11	0.950278670532427	5e-7	231420
17_9772011_T_A	A	0.32	0.32	1.03665584649092	2e-7	231420
4_721340_T_G	G	0.05	0.05	1.11627807045887	6.4e-12	231420
15_77657682_C_T	T	0.75	0.25	1.06715902438419	1.8e-18	231420
19_46179110_T_C	C	0.21	0.21	1.04602785990872	1.1e-8	231420
7_15033215_C_A	A	0.34	0.34	1.04289447875076	5.7e-10	231420
1_29073292_A_G	G	0.41	0.41	0.969475573076026	2e-6	231420
5_102083354_A_C	C	0.43	0.43	1.03251750530512	5.8e-7	231420
3_12277190_G_A	A	0.063	0.063	0.895834135296528	8.5e-16	231420
3_149200362_G_T	T	0.42	0.42	1.03251750530512	7.9e-7	231420
17_17964717_G_A	A	0.68	0.32	0.969475573076026	4.5e-6	231420
7_157058940_G_A	A	0.13	0.13	0.941764533584249	6.1e-10	231420
6_32586787_A_G	G	0.5	0.5	1.04081077419239	1.4e-9	227480
6_31487144_A_G	G	0.8	0.2	1.05022035074003	1.5e-9	231109
6_32615702_A_C	C	0.57	0.43	1.05127109637602	4.3e-13	227480
8_11411005_G_C	C	0.52	0.48	0.969475573076026	2.3e-6	231109
5_100268291_A_G	G	0.01	0.01	1.20924959765725	6.6e-7	230308
16_75233867_T_G	G	0.0600000000000001	0.0600000000000001	0.886920436717157	1.4e-17	231420
4_77565949_T_G	G	0.59	0.41	1.03148550388652	1.7e-6	231420
6_7076498_G_C	C	0.67	0.33	0.961750709146367	5.6e-9	231420
2_227016984_A_G	G	0.21	0.21	0.930530895811206	3.7e-20	231420
10_80925469_A_G	G	0.24	0.24	1.04602785990872	3.5e-9	231420
4_95032367_G_A	A	0.47	0.47	0.963676135349053	6.5e-9	231420
2_121318166_C_G	G	0.15	0.15	0.94082323977601	1.1e-11	231420
22_50604696_A_G	G	0.05	0.05	1.09636482208082	7.5e-10	231420
6_31535074_A_T	T	0.61	0.39	1.04707441095694	1.6e-12	231109
2_27778560_A_G	G	0.26	0.26	0.957911390067031	4.5e-9	231420
20_32551535_G_A	A	0.59	0.41	1.03458460672812	9.3e-8	231420
2_25675712_A_G	G	0.26	0.26	0.961750709146367	1e-7	231420
8_10703264_T_G	G	0.24	0.24	0.961750709146367	2.9e-7	231109
3_170561907_C_T	T	0.24	0.24	0.963676135349053	8.9e-7	231420
2_43495108_A_T	T	0.13	0.13	0.90483741803596	3.8e-26	231420
2_637830_A_G	G	0.83	0.17	1.05548460215508	2.3e-10	231420
7_7262977_A_G	G	0.12	0.12	1.04812200907966	2.4e-6	231420
4_104097604_C_T	T	0.21	0.21	0.961750709146367	7.2e-7	231420
17_65880443_A_G	G	0.2	0.2	1.0523228932832	1.1e-10	231420
8_10632496_G_A	A	0.23	0.23	0.961750709146367	2.1e-7	231109
19_33892409_C_T	T	0.45	0.45	0.970445533548508	3.7e-6	231420
8_9083771_C_A	A	0.48	0.48	0.969475573076026	1.6e-6	231109
6_31218535_A_C	C	0.84	0.16	1.0628989141872	4.1e-12	231109
18_57776391_T_A	A	0.33	0.33	1.04185210554548	2.3e-9	231420
12_4033222_G_C	C	0.23	0.23	0.963676135349053	1.7e-6	231420
2_27839539_T_C	C	0.27	0.27	0.956953957473047	1.4e-9	231420
6_32572048_G_T	T	0.3	0.3	1.06077524074016	3.6e-15	223864
10_100463629_G_A	A	0.16	0.16	0.958869780572485	1.3e-6	231420
1_51190314_T_C	C	0.09	0.09	0.935195201336777	1.9e-9	231109
7_101981303_G_A	A	0.077	0.077	0.944594069366523	2.4e-6	231420
6_164103243_G_A	A	0.13	0.13	0.948380012482298	3.4e-8	231420
6_20585381_G_A	A	0.33	0.33	1.07788415088463	5e-29	231420
2_158283430_C_T	T	0.058	0.058	0.934260473577214	1.1e-6	231420
3_152495901_T_G	G	0.04	0.04	0.916677095633152	6.7e-8	231420
7_102014442_A_G	G	0.08	0.08	0.943649947436799	1.9e-6	231420
5_44975989_A_G	G	0.33	0.33	1.03148550388652	4.9e-6	231109
6_20723057_T_C	C	0.18	0.18	1.15027379885723	8e-64	231420
11_14761377_G_A	A	0.082	0.082	1.05548460215508	2.6e-6	231420
1_51053585_A_G	G	0.09	0.09	0.936130864291619	3.5e-9	231109
6_20955332_T_C	C	0.33	0.33	0.950278670532427	7e-14	231420
1_29053720_A_T	T	0.43	0.43	0.967538559589032	3.8e-7	231420
11_65264482_C_T	T	0.3	0.3	1.04812200907966	9.7e-12	231420
6_153440770_G_T	T	0.42	0.42	1.03561970879962	7.8e-8	231420
8_9481687_G_C	C	0.64	0.36	0.966571504637507	5e-7	231109
18_54675384_G_C	C	0.26	0.26	0.959829129947799	3.5e-8	231420
6_76376552_G_A	A	0.36	0.36	0.968506582079198	1.2e-6	231420
6_32635846_C_G	G	0.73	0.27	1.05337574251336	9e-13	231109
7_13894624_C_G	G	0.47	0.47	1.03251750530512	7.3e-7	231420
3_170629884_G_A	A	0.63	0.37	1.05654061467549	8.5e-17	231420
2_43650784_G_T	T	0.35	0.35	0.955041962190715	6.6e-12	231420
11_47875910_T_C	C	0.45	0.45	0.967538559589032	2.3e-7	231109
11_47454866_G_A	A	0.055	0.055	1.07143620914835	9.8e-7	231109
3_168245268_G_A	A	0.18	0.18	0.957911390067031	2e-7	231420
1_150684486_T_C	C	0.01	0.01	0.852143788966211	8.2e-7	231420
12_123728702_G_A	A	0.21	0.21	0.9559974818331	9.2e-9	231420
9_97793139_A_T	T	0.89	0.11	1.05022035074003	9.7e-7	231420
3_23556657_G_T	T	0.097	0.097	0.94082323977601	2.4e-8	231420
11_49394413_A_G	G	0.09	0.09	1.05548460215508	2.3e-6	231109
3_152393863_A_G	G	0.04	0.04	0.910282762240767	7.3e-9	231420
2_65238344_A_G	G	0.05	0.05	0.916677095633152	3.1e-8	231420
15_77641632_C_T	T	0.21	0.21	1.05548460215508	4.2e-12	231420
6_76340662_G_T	T	0.36	0.36	0.968506582079198	1.3e-6	231420
11_34957273_C_T	T	0.11	0.11	1.04812200907966	3.7e-6	231420
1_39859938_G_T	T	0.1	0.1	1.08220432207031	2e-12	231420
14_33293122_A_G	G	0.53	0.47	0.967538559589032	3e-7	231420
9_3264933_G_C	C	0.88	0.12	0.954087397590371	2.5e-6	231420
2_43532780_A_C	C	0.16	0.16	0.927743486328553	9.8e-18	231420
5_102450512_C_A	A	0.31	0.31	1.04498235488844	1.9e-10	231420
22_41610391_G_A	A	0.37	0.37	0.967538559589032	3.6e-7	231420
10_114798893_T_A	A	0.28	0.28	1.32312981233744	1e-300	231420
6_31458460_G_A	A	0.33	0.33	1.03458460672812	3.6e-7	231109
2_161116495_G_A	A	0.14	0.14	1.04498235488844	3.2e-6	231420
11_49502848_T_C	C	0.09	0.09	1.05442964511936	3.3e-6	231109
11_43821004_G_T	T	0.7	0.3	0.952181129698505	2.6e-12	231420
8_11056388_T_C	C	0.37	0.37	0.964640293483123	7.1e-8	231109
6_31350755_C_A	A	0.74	0.26	1.03977048365016	8.2e-8	231109
4_48797056_G_A	A	0.33	0.33	0.968506582079198	3.9e-6	231420
6_7008739_A_T	T	0.55	0.45	0.967538559589032	2.5e-7	231420
6_32345514_T_G	G	0.28	0.28	1.04602785990872	1.9e-10	227480
2_161181478_T_A	A	0.79	0.21	1.04498235488844	1.4e-8	231420
15_91533816_A_G	G	0.17	0.17	1.0586558103955	6.9e-12	231420
17_3934101_A_G	G	0.39	0.39	1.04289447875076	1.4e-10	231420
11_2650481_A_G	G	0.9	0.1	0.9427067691571	3.7e-8	231420
10_98981643_T_C	C	0.32	0.32	1.03355053924131	1.3e-6	231420
14_79865248_T_G	G	0.72	0.28	0.961750709146367	2.9e-8	231420
15_63889022_G_A	A	0.55	0.45	0.9627129408912	2.5e-9	231420
6_7288544_A_C	C	0.41	0.41	0.953133787077505	6.5e-14	231420
19_46163605_G_A	A	0.18	0.18	1.04185210554548	9.2e-7	231420
10_114891443_G_A	A	0.096	0.096	0.917594231220151	1.2e-14	231420
11_34979322_C_T	T	0.74	0.26	0.9627129408912	1.5e-7	231420
19_31842002_C_A	A	0.39	0.39	0.967538559589032	6.8e-7	231420
10_100465621_T_C	C	0.81	0.19	1.03769302083816	5e-6	231420
6_31230078_A_G	G	0.79	0.21	1.04707441095694	6.3e-9	231109
5_102694112_G_A	A	0.62	0.38	0.968506582079198	9.3e-7	231420
16_89985844_G_T	T	0.12	0.12	1.04917065532447	4.7e-6	231420
4_793822_G_T	T	0.058	0.058	1.07465534406381	2.9e-7	231420
20_10555779_G_A	A	2e-4	2e-4	14.8797317248728	1.7e-7	118807
8_10992252_C_G	G	0.36	0.36	0.957911390067031	1.2e-10	231109
6_140270150_C_T	T	0.21	0.21	0.961750709146367	5.2e-7	231109
3_195779736_C_T	T	0.32	0.32	0.964640293483123	1.6e-7	231420
8_11054097_C_A	A	0.49	0.49	0.959829129947799	1.6e-10	231109
12_121359586_G_A	A	0.35	0.35	1.03665584649092	6e-8	231420
6_160851766_T_C	C	0.53	0.47	1.03561970879962	2.4e-8	231420
4_185718109_T_C	C	0.14	0.14	0.934260473577214	2.1e-13	231420
12_33409651_G_T	T	0.064	0.064	1.06715902438419	5.5e-7	231420
5_102538752_T_C	C	0.3	0.3	1.04498235488844	2.2e-10	231420
15_84580582_A_C	C	0.51	0.49	1.02942459447513	3.3e-6	231420
6_20876683_G_A	A	0.53	0.47	1.03251750530512	8.6e-7	231420
11_34989919_A_G	G	0.74	0.26	0.9627129408912	1.6e-7	231420
9_125707347_C_G	G	0.87	0.13	1.04917065532447	6.8e-7	231420
1_214111247_A_G	G	0.955	0.045	1.07896257415728	1e-6	231420
6_20800635_G_C	C	0.23	0.23	0.943649947436799	1e-14	231420
11_35016102_G_C	C	0.71	0.29	0.9627129408912	7.5e-8	231420
6_32523385_A_C	C	0.77	0.23	1.05337574251336	4.9e-8	177437
8_11799091_A_T	T	0.29	0.29	0.966571504637507	2.2e-6	231109
14_58770701_A_C	C	0.72	0.28	0.965605416257566	9.7e-7	231420
17_4191323_T_C	C	0.68	0.32	0.967538559589032	9.2e-7	231420
5_102249546_A_G	G	0.31	0.31	1.04498235488844	1.3e-10	231420
20_22426265_T_A	A	0.25	0.25	0.964640293483123	1.3e-6	231420
17_37503204_T_C	C	0.25	0.25	1.03458460672812	3.2e-6	231420
22_32367895_C_T	T	0.084	0.084	0.938004999530729	6.5e-8	231420
12_26460045_C_A	A	0.25	0.25	1.04812200907966	1.2e-10	231420
5_74984818_A_T	T	0.28	0.28	0.952181129698505	4.8e-12	231420
2_227041527_A_C	C	0.14	0.14	1.05337574251336	1.6e-8	231420
5_101932417_C_A	A	0.58	0.42	0.965605416257566	8.5e-8	231420
10_71462805_G_C	C	0.47	0.47	1.03458460672812	1.7e-7	231420
11_49448818_C_T	T	0.086	0.086	1.05548460215508	2.3e-6	231109
3_170743051_C_A	A	0.28	0.28	0.939882886791089	5.2e-18	231420
6_31230990_G_A	A	0.78	0.22	1.04498235488844	1.7e-8	231109
19_7248666_A_T	T	0.19	0.19	1.04602785990872	1.3e-7	231420
6_32290954_A_G	G	0.39	0.39	1.04289447875076	1.5e-10	227480
17_65837983_A_G	G	0.2	0.2	1.0523228932832	1.4e-10	231420
1_219628406_G_A	A	0.6	0.4	1.04185210554548	5.4e-10	231420
12_121423659_A_G	G	0.62	0.38	0.968506582079198	9.3e-7	231420
10_94485763_G_A	A	0.38	0.38	0.895834135296528	5.3e-61	231420
4_157719288_G_T	T	0.15	0.15	0.956953957473047	7.6e-7	231420
6_7018490_G_T	T	0.4	0.4	1.03665584649092	5.3e-8	231420
17_4166022_A_C	C	0.62	0.38	0.9627129408912	4e-9	231420
15_41974660_T_C	C	0.38	0.38	1.03665584649092	6e-8	231420
6_32862682_C_T	T	0.084	0.084	1.05442964511936	4.2e-6	231109
8_145519687_G_T	T	0.49	0.49	0.969475573076026	2.5e-6	231420
20_32558855_C_T	T	0.6	0.4	1.03769302083816	1.6e-8	231420
5_102417237_C_T	T	0.31	0.31	1.04498235488844	1.4e-10	231420
7_15062983_T_C	C	0.54	0.46	1.0692954781746	5.5e-25	231420
8_8892221_C_T	T	0.44	0.44	1.04393789485061	8.2e-11	231109
11_17246362_G_C	C	0.53	0.47	1.03045453395352	2.8e-6	231420
3_23396320_C_T	T	0.27	0.27	0.965605416257566	1.9e-6	231420
7_157038803_A_G	G	0.64	0.36	1.04602785990872	1.7e-11	231420
6_126079087_T_C	C	0.6	0.4	1.03355053924131	6.3e-7	231420
9_139252495_G_A	A	0.67	0.33	1.05022035074003	3.2e-12	231420
5_102086894_A_G	G	0.43	0.43	1.03355053924131	4.5e-7	231420
6_51316167_G_A	A	0.027	0.027	1.10186037362101	8.4e-7	231420
14_33294781_C_T	T	0.53	0.47	0.966571504637507	1.1e-7	231420
12_133135926_G_A	A	0.55	0.45	1.03355053924131	9.2e-7	231420
3_47181661_C_A	A	0.58	0.42	1.03458460672812	9.3e-8	231420
7_19192698_C_A	A	0.064	0.064	1.06396234472803	1.6e-6	231420
4_17811914_A_C	C	0.71	0.29	1.0387312328785	5.4e-8	231420
3_12302262_C_T	T	0.063	0.063	0.895834135296528	1.4e-15	231420
11_14763828_C_A	A	0.024	0.024	1.12749685157938	2.8e-8	231420
10_65254510_C_T	T	0.3	0.3	1.03251750530512	4.7e-6	231420
7_15015889_A_C	C	0.25	0.25	1.04602785990872	3.7e-9	231420
2_158398719_T_G	G	0.05	0.05	0.924964426543539	3.7e-7	231420
6_32254654_A_G	G	0.39	0.39	1.04393789485061	7.4e-11	230150
4_185719124_G_A	A	0.14	0.14	0.934260473577214	1.2e-13	231420
12_123632930_G_A	A	0.75	0.25	1.04081077419239	5.6e-8	231420
6_140585723_T_G	G	0.21	0.21	0.9627129408912	9.4e-7	231109
16_75282511_A_G	G	0.33	0.33	0.9559974818331	5.9e-11	231420
4_6295583_C_A	A	0.59	0.41	1.08980632830513	4e-39	231420
14_103998423_G_C	C	0.35	0.35	0.965605416257566	2.9e-7	231420
10_13494787_C_T	T	0.33	0.33	1.03251750530512	3.4e-6	231420
4_6295064_A_G	G	0.64	0.36	1.08762889380883	5.5e-37	231420
6_7076691_T_C	C	0.3	0.3	1.03665584649092	1.7e-7	231420
6_32594328_C_T	T	0.8	0.2	1.07250818125422	7.2e-17	227480
7_15042474_A_C	C	0.59	0.41	0.958869780572485	5.1e-11	231420
6_43825459_G_T	T	0.47	0.47	1.0387312328785	5.3e-9	231420
9_139252148_G_A	A	0.67	0.33	1.05022035074003	5.8e-12	231420
3_23424999_G_A	A	0.034	0.034	1.11627807045887	1.1e-9	231420
2_60392625_T_A	A	0.17	0.17	1.03977048365016	4.2e-6	231420
6_51491866_A_T	T	0.03	0.03	1.10186037362101	8.1e-7	231420
4_104095505_T_G	G	0.39	0.39	0.964640293483123	4.4e-8	231420
4_104011241_T_A	A	0.2	0.2	0.961750709146367	7.2e-7	231420
5_74466737_C_T	T	0.36	0.36	0.968506582079198	1.3e-6	231420
6_32623664_A_G	G	0.28	0.28	1.05127109637602	8.3e-7	166448
16_81598387_C_T	T	0.21	0.21	0.963676135349053	2.4e-6	231420
11_17244779_G_A	A	0.4	0.4	1.03045453395352	4.3e-6	231420
10_114839716_G_A	A	0.28	0.28	1.04081077419239	3.2e-8	231420
1_51501896_C_A	A	0.12	0.12	0.945539135890396	2.6e-8	231109
12_124447339_T_G	G	0.34	0.34	0.967538559589032	1.4e-6	231420
15_77835986_C_T	T	0.31	0.31	1.05127109637602	3.9e-13	231420
4_104155004_A_G	G	0.39	0.39	0.967538559589032	4.6e-7	231420
14_91946132_C_T	T	0.45	0.45	1.03561970879962	3.7e-8	231420
1_219756193_C_T	T	0.75	0.25	0.966571504637507	4.8e-6	231420
16_69686912_A_G	G	0.58	0.42	1.04289447875076	9.6e-11	231420
15_42119711_G_A	A	0.34	0.34	1.04081077419239	4.7e-9	231420
15_57391510_A_T	T	0.04	0.04	1.09526900525847	7.5e-8	231420
1_205062433_C_T	T	0.19	0.19	1.04289447875076	1.5e-7	231420
12_118401849_G_A	A	0.14	0.14	1.05337574251336	1.4e-8	231420
3_46957298_G_A	A	0.65	0.35	1.03148550388652	3.5e-6	231420
2_67908130_G_C	C	0.73	0.27	0.966571504637507	2.6e-6	231420
11_47560433_T_C	C	0.27	0.27	0.967538559589032	2.6e-6	231109
8_145520004_C_A	A	0.49	0.49	0.969475573076026	2.3e-6	231420
5_102129125_T_C	C	0.38	0.38	1.0387312328785	6.9e-9	231420
2_65661468_A_C	C	0.4	0.4	0.950278670532427	7.2e-15	231420
6_32326531_T_C	C	0.39	0.39	1.04185210554548	4.6e-10	227480
17_40698075_A_G	G	0.24	0.24	1.0523228932832	1e-11	231420
6_32420372_A_T	T	0.43	0.43	1.03665584649092	2.4e-8	227480
6_127406036_A_C	C	0.28	0.28	0.951229424500714	1.9e-12	231420
6_31213811_G_A	A	0.44	0.44	1.03561970879962	3.6e-8	231109
1_219750717_G_T	T	0.29	0.29	0.944594069366523	4.7e-16	231420
9_84345831_T_G	G	0.61	0.39	1.04498235488844	2.7e-10	187436
12_121273247_T_C	C	0.5	0.5	0.966571504637507	1.2e-7	231420
1_219762728_G_C	C	0.18	0.18	1.0387312328785	4.8e-6	231420
16_89683438_G_A	A	0.11	0.11	1.0523228932832	3.4e-6	231420
1_51190932_C_A	A	0.092	0.092	0.933326680078202	7.8e-10	231109
20_51173670_A_G	G	0.18	0.18	0.959829129947799	9.8e-7	231420
8_41587726_G_A	A	0.63	0.37	1.03045453395352	4.5e-6	231420
7_40830305_G_C	C	0.11	0.11	1.04917065532447	1.7e-6	231420
18_58064823_T_C	C	0.02	0.02	0.869358235398806	1.8e-10	231420
15_75808791_C_T	T	0.24	0.24	0.958869780572485	1.6e-8	231420
6_32594274_T_C	C	0.78	0.22	1.06715902438419	1.3e-15	225277
11_47512138_G_A	A	0.055	0.055	1.07143620914835	7.8e-7	231109
3_152405690_C_A	A	0.045	0.045	0.920351147220125	2.1e-7	231420
18_56878091_G_A	A	0.17	0.17	0.952181129698505	1.2e-8	231420
10_93731617_A_G	G	0.37	0.37	0.960789439152323	1.3e-9	231420
6_7195009_G_A	A	0.25	0.25	0.955041962190715	4.6e-10	231420
5_53306240_G_T	T	0.25	0.25	1.05442964511936	7.4e-13	231420
5_102004673_C_T	T	0.57	0.43	0.965605416257566	3.9e-8	231420
6_20537961_A_G	G	0.05	0.05	1.12749685157938	1.5e-14	231420
17_37426441_A_C	C	0.75	0.25	0.966571504637507	4.5e-6	231420
15_77872039_G_C	C	0.37	0.37	0.941764533584249	1.9e-19	231420
8_11793140_A_G	G	0.55	0.45	1.03355053924131	4.2e-7	231109
2_147852955_T_C	C	0.16	0.16	1.0523228932832	9.7e-9	231420
6_31243170_G_A	A	0.53	0.47	1.03458460672812	2e-7	231109
2_59089261_A_C	C	0.26	0.26	1.03458460672812	3.5e-6	231420
12_133067989_G_A	A	0.67	0.33	1.03561970879962	5.4e-7	231420
3_64707356_T_C	C	0.25	0.25	0.950278670532427	3.2e-12	231420
10_94350626_A_G	G	0.1	0.1	0.948380012482298	9.4e-7	231420
8_110076032_G_A	A	0.6	0.4	0.967538559589032	3.3e-7	231420
6_32363955_T_C	C	0.43	0.43	1.03355053924131	2.2e-7	227480
11_92688012_A_T	T	0.33	0.33	1.08220432207031	1.1e-31	231420
4_103887331_G_A	A	0.48	0.48	0.964640293483123	2e-8	231420
5_74534372_A_G	G	0.36	0.36	0.967538559589032	5e-7	231420
1_51374139_T_C	C	0.09	0.09	0.935195201336777	2.2e-9	231109
11_65307402_C_T	T	0.2	0.2	1.0628989141872	2.1e-14	231420
14_80038474_T_G	G	0.37	0.37	0.966571504637507	2.8e-7	231420
14_58769855_A_C	C	0.72	0.28	0.966571504637507	1e-6	231420
4_6290037_G_C	C	0.6	0.4	1.08980632830513	6.6e-35	187437
6_160769811_C_T	T	0.48	0.48	0.9627129408912	3e-9	231420
16_89616558_T_C	C	0.19	0.19	1.03769302083816	4.5e-6	231420
14_91931029_T_C	C	0.45	0.45	1.03561970879962	3.7e-8	231420
6_32623277_C_T	T	0.14	0.14	1.07788415088463	3.8e-13	211592
6_32503488_C_T	T	0.36	0.36	1.0628989141872	1.1e-14	180510
17_61559923_C_T	T	0.43	0.43	0.969475573076026	1.5e-6	231420
11_17360590_A_G	G	0.3	0.3	1.04185210554548	3.3e-9	231420
12_71597470_A_C	C	0.67	0.33	0.965605416257566	1.5e-7	231420
10_71469969_G_T	T	0.48	0.48	1.04393789485061	1.5e-11	231420
10_12246765_C_T	T	0.61	0.39	0.961750709146367	1.9e-9	231420
7_28146339_C_T	T	0.013	0.013	0.869358235398806	1.4e-6	230618
22_46641597_C_T	T	0.11	0.11	1.05442964511936	2.6e-7	231420
5_53300748_C_T	T	0.14	0.14	1.05127109637602	3.4e-8	231420
5_102597743_A_G	G	0.32	0.32	1.03355053924131	1.1e-6	231420
11_92717405_C_A	A	0.51	0.49	1.06183654654536	1.6e-21	231420
1_50999695_G_A	A	0.09	0.09	0.937067463377403	7.7e-9	231109
17_65836001_A_C	C	0.2	0.2	1.0523228932832	1.5e-10	231420
18_57732345_C_T	T	0.53	0.47	0.965605416257566	7.8e-8	231420
8_95960855_G_C	C	0.52	0.48	0.950278670532427	1.7e-15	231420
17_37556431_G_C	C	0.25	0.25	1.03458460672812	3e-6	231420
12_66262950_G_C	C	0.022	0.022	1.17351087099181	9.1e-13	231420
2_43797710_G_A	A	0.3	0.3	0.960789439152323	1e-8	231420
10_94060854_G_A	A	0.46	0.46	1.05548460215508	5.9e-17	231420
11_85398919_T_A	A	0.044	0.044	0.924039924445087	9.9e-7	231420
19_45394336_T_C	C	0.15	0.15	0.936130864291619	4.8e-13	231420
11_49590473_G_T	T	0.07	0.07	1.07036530847877	3.2e-7	231109
3_184995468_G_T	T	0.015	0.015	1.13882838332462	3e-6	231420
6_43826681_C_T	T	0.24	0.24	1.05548460215508	1e-12	231420
17_65920508_G_A	A	0.2	0.2	1.05337574251336	4.8e-11	231420
4_45180999_A_G	G	0.42	0.42	0.967538559589032	4.2e-7	231420
22_50425779_C_T	T	0.5	0.5	0.961750709146367	3.6e-9	231420
8_11170721_T_G	G	0.4	0.4	1.03251750530512	1.4e-6	231109
8_10676497_T_C	C	0.23	0.23	0.963676135349053	1e-6	231109
19_19460541_G_C	C	0.071	0.071	1.09417428370521	3e-13	231420
6_31500226_C_A	A	0.82	0.18	1.05759768373661	2e-11	231109
7_130466854_A_G	G	0.51	0.49	1.04707441095694	1.3e-12	231420
6_31558720_G_A	A	0.14	0.14	1.04602785990872	8.9e-7	231109
1_50963518_G_C	C	0.095	0.095	0.937067463377403	3.5e-9	231109
17_47002439_G_T	T	0.53	0.47	1.04498235488844	3.2e-12	231420
8_116482423_A_G	G	0.44	0.44	1.03458460672812	1.4e-7	231420
11_43838317_T_C	C	0.69	0.31	0.953133787077505	2.1e-12	231420
15_57138339_A_G	G	0.03	0.03	1.08980632830513	3.1e-6	231420
6_32662676_T_C	C	0.49	0.49	1.03769302083816	9.2e-9	231109
4_17917781_A_C	C	0.73	0.27	1.03561970879962	1.3e-6	231420
3_141155344_G_T	T	0.049	0.049	0.926816206559382	4.6e-7	231420
7_157058557_G_A	A	0.65	0.35	1.04707441095694	3.2e-12	231420
15_57387408_T_C	C	0.04	0.04	1.09526900525847	8.8e-8	231420
3_50128893_A_G	G	0.49	0.49	0.968506582079198	3.2e-7	231420
17_37535298_C_T	T	0.25	0.25	1.03561970879962	2.5e-6	231420
2_27727314_C_T	T	0.4	0.4	1.0387312328785	2.3e-9	231420
6_32565413_G_C	C	0.72	0.28	1.04812200907966	2.8e-10	225277
8_129557523_G_A	A	0.13	0.13	1.05442964511936	1.6e-8	231420
6_32574027_T_C	C	0.72	0.28	1.04812200907966	9.7e-11	230150
18_57861961_G_A	A	0.27	0.27	1.05442964511936	1.2e-13	231420
3_23528580_C_A	A	0.034	0.034	1.11627807045887	2.3e-10	231420
16_53842908_G_A	A	0.42	0.42	1.11627807045887	3.6e-71	231420
3_12372074_A_G	G	0.25	0.25	0.958869780572485	1.2e-8	231420
3_63959465_C_T	T	0.18	0.18	0.948380012482298	1.5e-10	231420
15_75833786_C_T	T	0.24	0.24	0.957911390067031	1.1e-8	231420
12_33370348_G_A	A	0.13	0.13	1.04812200907966	8e-7	231420
22_28818863_T_C	C	0.37	0.37	1.03148550388652	2.5e-6	231420
19_12492039_G_T	T	0.46	0.46	1.03148550388652	2e-6	231420
11_34941969_A_G	G	0.11	0.11	1.04812200907966	3.5e-6	231420
3_47326298_G_A	A	0.4	0.4	0.970445533548508	3.1e-6	231420
15_38844106_G_A	A	0.25	0.25	1.04289447875076	1.1e-8	231420
10_114753800_C_T	T	0.07	0.07	1.25860000992948	2.2e-76	231420
3_49878113_T_C	C	0.49	0.49	1.03251750530512	3.2e-7	231420
14_91971265_T_C	C	0.45	0.45	1.03561970879962	3.1e-8	231420
4_153291513_C_T	T	0.28	0.28	0.956953957473047	7.4e-10	231420
2_43845329_A_T	T	0.13	0.13	0.918512284401457	2e-18	231420
9_34009663_A_G	G	0.22	0.22	1.03769302083816	1.4e-6	231420
12_121417306_C_T	T	0.027	0.027	1.16183424272828	3.6e-13	231420
5_78340763_A_G	G	0.51	0.49	0.968506582079198	4.5e-7	231420
6_153448307_G_A	A	0.31	0.31	1.03355053924131	1.1e-6	231420
5_101946548_G_C	C	0.27	0.27	0.964640293483123	9e-7	231420
2_43515483_G_C	C	0.12	0.12	0.90483741803596	2.3e-26	231420
8_41583294_C_T	T	0.13	0.13	0.944594069366523	1.3e-9	231420
15_57532601_G_A	A	0.037	0.037	1.09636482208082	6.3e-8	231420
6_31343574_G_A	A	0.61	0.39	1.03665584649092	3.1e-8	231109
5_101617905_T_C	C	0.27	0.27	0.965605416257566	1.1e-6	231420
3_63924956_A_G	G	0.12	0.12	0.939882886791089	5.6e-10	231420
22_41495329_G_A	A	0.63	0.37	1.03561970879962	1.2e-7	231420
15_75778310_G_A	A	0.25	0.25	0.9627129408912	2.2e-7	231420
7_157066796_T_C	C	0.12	0.12	0.943649947436799	4.6e-9	231420
6_32582603_G_A	A	0.33	0.33	1.05127109637602	5.7e-10	177367
6_32511725_C_A	A	0.68	0.32	1.04917065532447	1.8e-9	181381
16_69909115_G_A	A	0.56	0.44	1.03665584649092	3e-8	231420
5_53394938_T_C	C	0.3	0.3	0.964640293483123	1.7e-7	231420
6_126686513_C_G	G	0.45	0.45	1.04707441095694	6.4e-13	231420
12_123651966_G_C	C	0.78	0.22	1.04707441095694	3.7e-9	231420
6_32414433_C_T	T	0.42	0.42	1.03665584649092	4.4e-8	227480
14_25944306_C_A	A	0.28	0.28	0.965605416257566	1.2e-6	231420
3_64710253_G_A	A	0.4	0.4	0.954087397590371	6.8e-13	231420
11_17252641_G_A	A	0.53	0.47	1.03045453395352	4e-6	231420
1_205099959_C_A	A	0.24	0.24	1.04289447875076	1.7e-8	231420
8_10652352_A_G	G	0.23	0.23	0.963676135349053	8.9e-7	231109
15_77893988_T_C	C	0.37	0.37	0.945539135890396	2.7e-17	231420
11_72506324_G_A	A	0.33	0.33	1.03769302083816	3.8e-8	231420
3_183642751_A_G	G	0.47	0.47	0.970445533548508	1.9e-6	231420
3_149182883_G_A	A	0.4	0.4	0.969475573076026	1.6e-6	231420
6_31340433_C_T	T	0.54	0.46	1.03355053924131	2.1e-7	231109
6_20671282_A_G	G	0.0600000000000001	0.0600000000000001	1.13882838332462	3.5e-21	231420
6_153379662_G_A	A	0.29	0.29	1.03251750530512	4.1e-6	231420
8_145709990_G_A	A	0.53	0.47	1.03355053924131	3e-7	231420
3_23283716_C_T	T	0.03	0.03	1.11627807045887	2.5e-9	231420
15_77880927_G_C	C	0.37	0.37	0.9427067691571	4.4e-19	231420
4_17969698_T_C	C	0.73	0.27	1.03458460672812	2.4e-6	231420
15_62396278_C_T	T	0.43	0.43	0.9559974818331	1.8e-12	231420
5_101653700_T_C	C	0.28	0.28	0.963676135349053	3e-7	231420
3_195827934_G_A	A	0.25	0.25	0.966571504637507	4.1e-6	231420
8_10494738_A_C	C	0.45	0.45	1.03665584649092	2.6e-8	231109
9_3281518_T_C	C	0.12	0.12	1.04917065532447	1.1e-6	231420
7_14877519_G_C	C	0.089	0.089	1.05548460215508	1.4e-6	231420
3_23312913_A_T	T	0.1	0.1	0.935195201336777	5.2e-10	231420
8_10909202_G_A	A	0.32	0.32	0.9627129408912	5.7e-8	231109
7_14923907_A_T	T	0.17	0.17	1.0692954781746	4.4e-15	231420
4_103790186_G_T	T	0.48	0.48	0.965605416257566	5.3e-8	231420
12_121191860_C_T	T	0.037	0.037	1.08437089656676	2.9e-6	231420
6_31840415_T_C	C	0.71	0.29	1.04602785990872	2.4e-10	231109
20_50920670_C_A	A	0.19	0.19	0.959829129947799	6e-7	231420
17_37405657_T_G	G	0.75	0.25	0.966571504637507	4.2e-6	231420
4_757921_C_T	T	0.059	0.059	1.0757305369147	1.5e-7	231420
7_130466091_A_G	G	0.39	0.39	1.05442964511936	1.2e-15	231420
17_17770965_T_C	C	0.64	0.36	0.963676135349053	1.6e-8	231420
1_72834503_A_G	G	0.81	0.19	1.04289447875076	3.3e-7	231420
8_10954391_A_G	G	0.35	0.35	0.965605416257566	2.1e-7	231109
5_61314295_C_T	T	0.0038	0.0038	1.32312981233744	4e-6	220225
2_96414165_C_T	T	0.005	0.005	2.05443321064389	1.7e-6	117450
10_94121534_T_G	G	0.46	0.46	1.05548460215508	7.7e-17	231420
13_59097463_A_C	C	0.6	0.4	1.03458460672812	2e-7	231420
11_17373438_G_C	C	0.2	0.2	0.956953957473047	5.7e-8	231420
6_7011314_C_T	T	0.61	0.39	0.966571504637507	3e-7	231420
12_4238173_C_T	T	0.98	0.02	1.11627807045887	8.6e-8	231420
8_129535264_T_C	C	0.25	0.25	1.03458460672812	4.1e-6	231420
17_9793756_G_A	A	0.32	0.32	1.0387312328785	1.9e-8	231420
8_9713196_T_C	C	0.47	0.47	0.965605416257566	6.8e-8	231109
17_65788157_A_G	G	0.09	0.09	1.06715902438419	1.5e-8	231420
3_152444191_C_A	A	0.043	0.043	0.91210514954509	1e-8	231420
6_32663999_G_C	C	0.49	0.49	1.0387312328785	3.3e-9	231109
3_12118915_A_G	G	0.11	0.11	0.917594231220151	1.8e-17	231420
11_93061244_G_C	C	0.42	0.42	1.03148550388652	1.4e-6	231420
15_90425002_C_A	A	0.29	0.29	0.965605416257566	6.3e-7	231420
9_4262516_G_A	A	0.22	0.22	0.9627129408912	6.3e-7	231420
6_32819517_T_C	C	0.13	0.13	1.05337574251336	2e-8	231109
6_20639409_C_T	T	0.17	0.17	1.09089667971828	6.9e-25	231420
12_123618603_C_T	T	0.78	0.22	1.04707441095694	2.7e-9	231420
14_103357603_G_T	T	0.21	0.21	1.03665584649092	3.8e-6	231420
5_74507007_C_A	A	0.36	0.36	0.968506582079198	1.3e-6	231420
2_158322700_T_C	C	0.1	0.1	0.944594069366523	7.7e-8	231420
2_67900067_C_A	A	0.74	0.26	0.966571504637507	3.1e-6	231420
9_33962501_A_G	G	0.38	0.38	0.967538559589032	6.3e-7	231420
6_32578052_G_A	A	0.46	0.46	1.04498235488844	6.8e-12	231109
6_20893310_T_C	C	0.05	0.05	1.08112265867008	1.7e-7	231420
6_20790817_C_T	T	0.081	0.081	1.0919881220282	2.5e-14	231420
9_139242225_T_C	C	0.56	0.44	1.05548460215508	6.1e-14	187436
5_101918306_T_C	C	0.33	0.33	0.965605416257566	3.4e-7	231420
11_92684322_G_A	A	0.39	0.39	1.07358122586836	2.7e-27	231420
17_61570422_A_G	G	0.48	0.48	0.970445533548508	2.8e-6	231420
10_94190580_A_G	G	0.32	0.32	0.960789439152323	7.9e-9	231420
15_77847802_G_C	C	0.31	0.31	1.05022035074003	8.1e-13	231420
2_181570394_T_C	C	0.36	0.36	0.968506582079198	2e-6	231420
12_121317075_G_T	T	0.47	0.47	1.03045453395352	2.6e-6	231420
16_69657996_T_G	G	0.42	0.42	0.959829129947799	1.6e-10	231420
12_123544878_A_G	G	0.71	0.29	1.03561970879962	7.8e-7	231420
6_32583046_A_G	G	0.42	0.42	1.04185210554548	1e-9	231109
6_7058274_T_C	C	0.13	0.13	1.04393789485061	4.7e-6	231420
22_50356302_C_T	T	0.48	0.48	0.959829129947799	1.6e-9	231420
12_108594069_G_C	C	0.3	0.3	0.958869780572485	1.2e-8	187437
15_67258040_G_A	A	0.86	0.14	0.9559974818331	7.6e-7	231420
10_94062403_G_A	A	0.46	0.46	1.05548460215508	5.9e-17	231420
19_13201606_G_A	A	0.12	0.12	0.950278670532427	7.9e-7	231420
11_69452559_C_T	T	0.52	0.48	0.969475573076026	1.9e-6	231420
3_23469543_A_G	G	0.02	0.02	1.16183424272828	8.5e-9	187437
17_66019926_T_C	C	0.21	0.21	1.04289447875076	6.6e-8	231420
2_25610287_G_T	T	0.28	0.28	0.966571504637507	1.6e-6	231420
3_12299722_G_A	A	0.063	0.063	0.895834135296528	1.6e-15	231420
6_31572481_T_C	C	0.86	0.14	1.07358122586836	5.7e-14	231109
6_32571961_T_C	C	0.17	0.17	1.08437089656676	6e-20	227182
15_53086025_T_C	C	0.14	0.14	1.04707441095694	3.8e-7	231420
4_103947118_T_A	A	0.48	0.48	0.964640293483123	8.6e-9	231420
10_80935083_G_C	C	0.54	0.46	0.939882886791089	6.6e-20	231420
2_65645774_G_A	A	0.4	0.4	0.950278670532427	4.5e-15	231420
22_41437269_T_C	C	0.77	0.23	1.03769302083816	1.2e-6	231420
3_170714435_G_A	A	0.13	0.13	0.952181129698505	4.4e-7	231420
4_52838818_T_C	C	0.29	0.29	1.03561970879962	5.8e-7	231420
1_219748818_C_G	G	0.29	0.29	0.944594069366523	3.7e-16	231420
2_60581094_T_C	C	0.54	0.46	0.960789439152323	8.7e-10	231420
5_78337225_G_A	A	0.51	0.49	0.968506582079198	4.5e-7	231420
2_27913188_T_C	C	0.2	0.2	0.958869780572485	1.8e-7	231420
22_41509642_C_G	G	0.63	0.37	1.03561970879962	1.1e-7	231420
20_42951010_G_A	A	0.17	0.17	1.04185210554548	1.7e-6	231420
10_114815454_C_T	T	0.0098	0.0098	1.2712491503214	4.7e-12	230226
5_101593486_C_A	A	0.72	0.28	0.958869780572485	3.2e-9	231420
10_12245314_T_G	G	0.61	0.39	0.961750709146367	2.5e-9	231420
18_57896038_G_T	T	0.34	0.34	1.03665584649092	6e-8	231420
6_32308642_G_A	A	0.39	0.39	1.04185210554548	5.1e-10	227480
15_84591575_A_G	G	0.52	0.48	1.02942459447513	4.1e-6	231420
14_25941921_T_G	G	0.67	0.33	1.03458460672812	6.8e-7	231420
11_72428148_G_A	A	0.3	0.3	0.934260473577214	9.6e-22	231420
6_32296057_C_T	T	0.38	0.38	1.04185210554548	1.1e-9	227480
6_126661502_G_T	T	0.085	0.085	1.05759768373661	1.2e-6	231420
6_76432116_A_C	C	0.36	0.36	0.967538559589032	1e-6	231420
5_101944332_T_C	C	0.27	0.27	0.964640293483123	7.3e-7	231420
3_123070517_C_T	T	0.23	0.23	0.917594231220151	2.9e-29	231420
3_47138170_A_G	G	0.6	0.4	1.03458460672812	1.7e-7	231420
19_47573527_A_G	G	0.71	0.29	1.04602785990872	1.1e-10	231420
17_46964758_A_G	G	0.71	0.29	1.0523228932832	7.6e-13	231420
3_9514856_G_A	A	0.14	0.14	1.04393789485061	2.8e-6	231420
1_39948339_C_T	T	0.19	0.19	1.0757305369147	1.7e-19	231420
17_40656043_T_G	G	0.07	0.07	1.07788415088463	2.3e-9	231420
7_102958646_T_A	A	0.082	0.082	1.05654061467549	2.1e-6	231420
17_76773638_T_C	C	0.53	0.47	0.969475573076026	1.7e-6	231420
10_114564129_C_T	T	0.0045	0.0045	1.28402541668774	3.2e-6	231420
6_127068983_T_C	C	0.74	0.26	0.945539135890396	7.9e-15	231420
10_114671172_C_T	T	0.17	0.17	0.9427067691571	9.3e-12	231420
12_97779248_G_A	A	6e-4	6e-4	2.29331874026418	4.8e-7	148345
2_43613582_C_G	G	0.09	0.09	0.886920436717157	4.5e-29	231420
3_12389313_A_G	G	0.12	0.12	0.90483741803596	3.2e-25	231420
3_23482987_G_A	A	0.045	0.045	0.918512284401457	7.1e-8	231420
16_75242775_G_C	C	0.3	0.3	0.965605416257566	7.3e-7	231420
3_185540817_A_C	C	0.02	0.02	1.15027379885723	1.1e-10	231420
14_74977382_C_T	T	0.6	0.4	1.03045453395352	4.9e-6	231420
12_71518009_T_C	C	0.42	0.42	1.04602785990872	3.5e-12	231420
6_160770543_A_G	G	0.48	0.48	0.9627129408912	1.3e-9	231420
3_12301472_C_T	T	0.064	0.064	0.90483741803596	5e-15	231420
6_31283604_G_A	A	0.52	0.48	1.04602785990872	1.5e-11	231109
10_114734096_A_G	G	0.29	0.29	1.18530485132037	3.3e-122	231420
13_109959427_A_C	C	0.41	0.41	0.966571504637507	1.7e-7	231420
20_32557119_C_T	T	0.67	0.33	1.04185210554548	1.7e-9	231420
19_47611128_A_G	G	0.71	0.29	1.04602785990872	1.7e-10	231420
1_177808742_C_T	T	0.2	0.2	1.05022035074003	1.1e-9	231420
2_227026864_T_A	A	0.33	0.33	0.917594231220151	3.9e-36	231420
6_139837128_T_C	C	0.58	0.42	0.967538559589032	4.5e-7	231420
15_42129158_G_A	A	0.35	0.35	1.0387312328785	1.1e-8	231420
22_41495707_T_A	A	0.63	0.37	1.03561970879962	1.3e-7	231420
6_127421450_T_C	C	0.3	0.3	1.03251750530512	3.3e-6	231420
2_629831_T_C	C	0.82	0.18	1.0523228932832	1.3e-9	231420
6_31347542_T_A	A	0.77	0.23	1.04917065532447	2.6e-10	231109
5_101605942_T_C	C	0.62	0.38	0.964640293483123	3.7e-8	231420
20_42229470_G_A	A	0.8	0.2	1.03769302083816	4.3e-6	231420
6_31284963_T_G	G	0.6	0.4	1.0387312328785	1.5e-8	231109
6_51486939_C_A	A	0.027	0.027	1.10406629955888	4.2e-7	231420
9_125649014_T_A	A	0.85	0.15	1.04707441095694	4.8e-7	231420
5_157994544_A_G	G	0.21	0.21	1.03665584649092	3.8e-6	231420
18_36354957_G_A	A	0.078	0.078	1.05971499571029	1.7e-6	231420
6_138773071_G_C	C	0.16	0.16	1.04185210554548	3e-6	231420
11_69453044_G_A	A	0.026	0.026	0.869358235398806	8.3e-11	231420
17_17660347_C_T	T	0.61	0.39	0.961750709146367	3e-9	231420
4_52704981_C_A	A	0.24	0.24	0.959829129947799	2.3e-6	231420
8_10990672_C_T	T	0.39	0.39	0.960789439152323	2.7e-9	231109
6_32629347_T_C	C	0.28	0.28	1.04081077419239	1.3e-6	220393
1_206596899_G_A	A	0.46	0.46	1.02942459447513	4.7e-6	231420
2_43807090_T_C	C	0.13	0.13	0.915760876723326	4.2e-20	231420
3_64725485_G_A	A	0.75	0.25	1.0523228932832	1.1e-11	231420
3_47029426_G_A	A	0.42	0.42	0.967538559589032	2.2e-7	231420
6_32651846_G_C	C	0.23	0.23	1.04498235488844	6e-9	231109
6_31216672_T_A	A	0.84	0.16	1.0628989141872	4.1e-12	231109
1_6676485_T_G	G	0.36	0.36	1.03458460672812	2.8e-7	231420
11_92681013_C_T	T	0.29	0.29	1.08980632830513	2.9e-34	231420
12_123701353_T_C	C	0.75	0.25	1.04185210554548	2.4e-8	231420
8_11398953_T_C	C	0.51	0.49	0.963676135349053	1.4e-8	231109
3_47280018_T_C	C	0.38	0.38	0.968506582079198	1.3e-6	231420
6_31068525_A_C	C	0.86	0.14	1.06396234472803	2.1e-11	231109
17_66157981_G_T	T	0.22	0.22	1.0387312328785	1.1e-6	231420
2_622388_G_C	C	0.83	0.17	1.05442964511936	3.1e-10	231420
11_92792115_A_G	G	0.77	0.23	0.9627129408912	3.1e-7	231420
19_4920414_A_G	G	0.26	0.26	1.03561970879962	1.6e-6	231420
17_17783748_A_G	G	0.62	0.38	0.964640293483123	3.1e-8	231420
22_41410267_G_A	A	0.24	0.24	0.964640293483123	1.7e-6	231420
8_8578811_T_C	C	0.54	0.46	0.969475573076026	1.3e-6	231109
8_11792734_T_C	C	0.55	0.45	1.03355053924131	6.3e-7	231109
12_27883181_A_G	G	0.16	0.16	0.943649947436799	1.5e-11	231420
6_31470673_G_A	A	0.76	0.24	1.0523228932832	8.3e-12	231109
2_226884900_G_A	A	0.87	0.13	0.956953957473047	2.6e-6	231420
6_80705980_C_T	T	0.57	0.43	0.970445533548508	2.4e-6	231420
4_96111564_A_G	G	0.72	0.28	0.963676135349053	1.4e-7	231420
12_121266621_G_A	A	0.47	0.47	1.03148550388652	1.1e-6	231420
1_39958080_C_G	G	0.66	0.34	0.946485147953484	5.6e-16	231420
11_47810617_C_T	T	0.45	0.45	0.967538559589032	2.5e-7	231109
3_49792158_T_G	G	0.51	0.49	0.969475573076026	1.2e-6	231420
11_27734420_T_C	C	0.3	0.3	1.03355053924131	2.2e-6	231420
15_77896786_G_A	A	0.36	0.36	0.945539135890396	7.8e-17	231420
9_22128600_G_A	A	0.3	0.3	0.948380012482298	5.4e-14	231420
3_138061398_T_C	C	0.65	0.35	0.968506582079198	1.3e-6	231420
11_93212254_C_T	T	0.49	0.49	0.970445533548508	1.6e-6	231420
14_92038550_C_T	T	0.67	0.33	1.03665584649092	1.2e-7	231420
11_43817320_C_G	G	0.69	0.31	0.953133787077505	1.9e-12	231420
1_40009829_G_A	A	0.56	0.44	0.961750709146367	1.2e-9	231420
3_23198484_G_A	A	0.1	0.1	0.934260473577214	2.3e-10	231420
4_157618372_A_C	C	0.37	0.37	0.967538559589032	6.3e-7	231420
2_165545615_C_T	T	0.13	0.13	0.919431256095125	3.8e-18	231420
10_114630787_A_G	G	0.33	0.33	1.03355053924131	1.1e-6	231420
13_58616978_G_A	A	0.18	0.18	0.9559974818331	5.5e-8	231420
8_9071845_C_T	T	0.75	0.25	0.964640293483123	1.3e-6	231109
11_76492195_C_T	T	0.22	0.22	0.965605416257566	4.6e-6	231420
22_30579886_T_A	A	0.91	0.09	1.08328706767496	4e-12	231420
6_32648490_G_A	A	0.42	0.42	1.03251750530512	2.8e-6	231109
16_69547741_T_C	C	0.6	0.4	0.968506582079198	1.1e-6	231420
15_77734261_G_A	A	0.32	0.32	1.05127109637602	2.2e-13	231420
8_10956707_C_T	T	0.39	0.39	1.03665584649092	9.7e-8	231109
11_17288298_G_A	A	0.41	0.41	1.03045453395352	3e-6	231420
8_9455045_G_C	C	0.36	0.36	1.03355053924131	1.2e-6	231109
11_69480680_T_C	C	0.02	0.02	0.886920436717157	2.5e-6	231420
5_102116293_G_A	A	0.41	0.41	1.03458460672812	3e-7	231420
6_126997841_A_G	G	0.49	0.49	1.04602785990872	8.1e-13	231420
8_41496536_A_G	G	0.16	0.16	0.919431256095125	1e-20	231420
2_58931770_A_G	G	0.15	0.15	1.04185210554548	3.3e-6	231420
10_114770860_C_T	T	0.011	0.011	0.835270211411272	2.9e-8	231420
3_185548662_T_C	C	0.38	0.38	1.04081077419239	1.4e-9	231420
2_43807561_T_C	C	0.13	0.13	0.916677095633152	2.4e-19	231420
16_301740_T_C	C	0.18	0.18	0.944594069366523	1.4e-11	231420
11_50332390_T_C	C	0.0600000000000001	0.0600000000000001	1.07465534406381	1.8e-6	204627
3_12291417_C_T	T	0.86	0.14	0.957911390067031	2.8e-6	231420
1_235687179_A_G	G	0.37	0.37	0.9627129408912	4.4e-9	231420
11_2852886_T_C	C	0.29	0.29	0.933326680078202	1.7e-21	231420
12_21819903_C_T	T	0.27	0.27	0.967538559589032	3.6e-6	231420
18_57923328_A_T	T	0.3	0.3	1.03769302083816	8.5e-8	231420
6_31345178_G_C	C	0.82	0.18	1.05548460215508	1e-10	231109
2_166535918_C_T	T	0.5	0.5	0.967538559589032	1.5e-7	231420
10_114793793_G_A	A	0.02	0.02	0.852143788966211	1.3e-11	231420
3_23473371_T_C	C	0.03	0.03	1.11627807045887	3.3e-10	231420
13_58460763_G_T	T	0.28	0.28	1.03458460672812	2.1e-6	231420
6_12381000_G_T	T	8e-4	8e-4	2.03399125864675	1.2e-6	175090
3_170707782_G_C	C	0.16	0.16	0.943649947436799	3.5e-11	231420
1_40020504_T_C	C	0.66	0.34	0.951229424500714	1.7e-13	231420
9_3283313_T_G	G	0.12	0.12	1.04707441095694	2e-6	231420
3_124921824_T_C	C	0.69	0.31	1.03355053924131	1.5e-6	231420
14_33306123_G_C	C	0.49	0.49	1.03561970879962	2.2e-8	231420
6_160813327_C_G	G	0.49	0.49	1.03251750530512	6.2e-7	231420
8_8696449_T_G	G	0.44	0.44	1.03769302083816	1.3e-8	231109
8_11237477_A_G	G	0.46	0.46	0.963676135349053	1.7e-8	231109
6_31312532_G_A	A	0.74	0.26	1.04917065532447	7.1e-11	231109
15_40398754_T_C	C	0.68	0.32	0.966571504637507	2.2e-6	231420
15_63878336_A_C	C	0.56	0.44	0.9627129408912	4.4e-9	231420
9_33721935_A_G	G	0.27	0.27	0.968506582079198	3.3e-6	231420
11_65226479_G_A	A	0.19	0.19	1.05548460215508	2.5e-11	231420
10_80927961_T_C	C	0.24	0.24	1.04602785990872	3.5e-9	231420
3_47021124_A_G	G	0.58	0.42	1.03561970879962	6e-8	231420
11_2246021_G_A	A	0.016	0.016	1.16183424272828	2.8e-6	224641
6_32066177_T_C	C	0.31	0.31	1.03355053924131	2.3e-6	231109
2_60603950_G_A	A	0.4	0.4	0.969475573076026	2.3e-6	231420
2_27558252_A_G	G	0.43	0.43	1.03458460672812	2.8e-7	231420
1_51266523_G_A	A	0.091	0.091	0.934260473577214	1.3e-9	231109
5_44668623_C_T	T	0.4	0.4	1.03769302083816	1.6e-8	231109
12_27967385_A_T	T	0.25	0.25	0.950278670532427	6.8e-12	231420
12_123466111_C_T	T	0.71	0.29	1.03665584649092	4.4e-7	231420
16_69894432_A_G	G	0.49	0.49	1.02942459447513	3.5e-6	231420
1_219642518_C_A	A	0.67	0.33	1.0387312328785	1.4e-8	231420
4_780004_G_C	C	0.058	0.058	1.07358122586836	2.8e-7	231420
2_165754611_A_T	T	0.32	0.32	1.03665584649092	2e-7	231420
1_39620957_A_C	C	0.71	0.29	0.941764533584249	2.1e-17	231420
10_114659474_G_T	T	0.3	0.3	1.03251750530512	3.8e-6	231420
8_11593222_C_T	T	0.49	0.49	0.969475573076026	1.4e-6	231109
2_43844448_A_G	G	0.13	0.13	0.918512284401457	1.5e-18	231420
8_11109269_T_C	C	0.53	0.47	0.963676135349053	1.7e-8	231109
19_45418790_T_C	C	0.23	0.23	0.943649947436799	1.4e-13	231420
1_64137467_G_A	A	0.18	0.18	0.961750709146367	2.9e-6	231420
2_226961928_T_C	C	0.23	0.23	0.94082323977601	7.2e-16	231420
12_6681209_C_T	T	0.18	0.18	1.03977048365016	2.5e-6	231420
7_28185091_A_G	G	0.7	0.3	0.94082323977601	1.8e-18	231420
12_71527707_A_C	C	0.39	0.39	0.955041962190715	2e-12	231420
8_11044689_A_G	G	0.37	0.37	0.965605416257566	1.3e-7	231109
8_11134105_T_C	C	0.59	0.41	0.970445533548508	4.7e-6	231109
5_74470763_T_A	A	0.36	0.36	0.968506582079198	1.3e-6	231420
14_103886757_A_G	G	0.35	0.35	0.964640293483123	8.4e-8	231420
1_235711688_G_C	C	0.65	0.35	1.03355053924131	7.9e-7	231420
12_27922074_T_C	C	0.23	0.23	0.936130864291619	8.8e-18	231420
13_58374934_T_G	G	0.28	0.28	1.03458460672812	1.9e-6	231420
6_32309434_T_C	C	0.39	0.39	1.04185210554548	4.6e-10	227480
5_74537751_C_T	T	0.36	0.36	0.967538559589032	5.4e-7	231420
3_23430434_A_G	G	0.09	0.09	0.938004999530729	5.4e-9	231420
14_103876454_A_G	G	0.65	0.35	1.03665584649092	7.7e-8	231420
1_29054752_T_G	G	0.43	0.43	0.967538559589032	3.8e-7	231420
11_17138666_G_A	A	0.32	0.32	1.03977048365016	1e-8	231420
1_39668682_C_T	T	0.17	0.17	1.07788415088463	7.2e-19	231420
7_28158948_C_T	T	0.2	0.2	0.933326680078202	1.3e-14	187437
11_14789037_G_A	A	0.082	0.082	1.05548460215508	2.5e-6	231420
6_20830828_A_G	G	0.44	0.44	1.04393789485061	2e-11	231420
3_64708628_C_T	T	0.24	0.24	0.94932886684289	4.3e-12	231420
20_32645052_T_C	C	0.67	0.33	1.04289447875076	5.7e-10	231420
3_152469427_G_T	T	0.043	0.043	0.913017710899266	1.5e-8	231420
14_74905631_T_C	C	0.47	0.47	0.970445533548508	1.8e-6	231420
1_205115150_C_A	A	0.24	0.24	1.04185210554548	5.4e-8	231420
5_78368292_A_G	G	0.51	0.49	0.969475573076026	1.1e-6	231420
16_75199864_C_T	T	0.024	0.024	0.878095430920561	2e-8	231420
9_125802470_A_G	G	0.88	0.12	1.04917065532447	9.3e-7	231420
18_57793209_C_T	T	0.33	0.33	1.04289447875076	6.3e-10	231420
19_19394368_A_G	G	0.05	0.05	1.07788415088463	4.6e-7	231420
17_61633705_C_T	T	0.25	0.25	0.963676135349053	4.4e-7	231420
6_127419834_A_C	C	0.3	0.3	1.03251750530512	4.7e-6	231420
5_102105405_C_A	A	0.45	0.45	1.03045453395352	2.6e-6	231420
5_102400509_T_C	C	0.31	0.31	1.04498235488844	1.2e-10	231420
6_32633085_T_G	G	0.17	0.17	1.07036530847877	1.5e-11	216936
13_59037838_T_C	C	0.18	0.18	0.955041962190715	3e-8	231420
5_101796273_A_T	T	0.31	0.31	1.04289447875076	1.2e-9	231420
6_32575918_A_T	T	0.38	0.38	1.05127109637602	6.5e-14	231109
8_8578229_A_G	G	0.54	0.46	0.969475573076026	1.9e-6	231109
8_9973718_C_T	T	0.41	0.41	0.9559974818331	3.5e-12	231109
6_51380999_T_C	C	0.03	0.03	1.10186037362101	8.6e-7	231420
10_94308253_T_C	C	0.26	0.26	1.0692954781746	1.4e-20	231420
17_46996583_T_A	A	0.53	0.47	1.04498235488844	3.2e-12	231420
17_48626575_C_T	T	0.26	0.26	0.966571504637507	4e-6	231420
6_51265779_A_G	G	0.03	0.03	1.09636482208082	3.4e-6	231420
3_23493180_G_A	A	0.034	0.034	1.11627807045887	3.7e-10	231420
6_160826095_T_C	C	0.49	0.49	1.03148550388652	7.3e-7	231420
14_48292535_T_C	C	0	0	3.32011692273655	1.5e-6	143472
6_31481146_C_A	A	0.67	0.33	1.03977048365016	6.1e-9	231109
8_19888586_T_C	C	0.04	0.04	0.922193691444608	4.1e-6	231420
5_102602902_A_T	T	0.32	0.32	1.03355053924131	1.3e-6	231420
5_102704259_T_C	C	0.27	0.27	1.04185210554548	8.8e-9	231420
4_52699324_T_A	A	0.29	0.29	1.03458460672812	1.6e-6	231420
18_24490484_A_G	G	0	0	3.32011692273655	2.7e-6	152016
10_93722751_G_T	T	0.74	0.26	0.960789439152323	4.3e-8	231420
19_5008399_G_A	A	0.22	0.22	1.0387312328785	1.1e-6	231420
3_23220751_G_A	A	0.084	0.084	0.918512284401457	5.6e-13	231420
5_101554481_C_T	T	0.094	0.094	1.06822671716599	1.5e-9	231420
10_72601396_A_T	T	0.2	0.2	1.04393789485061	5.9e-8	231420
5_44796042_T_C	C	0.37	0.37	1.03561970879962	7.4e-8	231109
5_53296158_A_G	G	0.26	0.26	1.05022035074003	1.7e-11	231420
20_20066701_C_T	T	0.28	0.28	0.9627129408912	1.4e-7	231420
17_9794415_C_T	T	0.3	0.3	1.03665584649092	2e-7	231420
6_127251021_G_A	A	0.14	0.14	1.05022035074003	8.3e-8	231420
11_34950745_T_C	C	0.11	0.11	1.04812200907966	3.3e-6	231420
2_43804933_A_C	C	0.13	0.13	0.916677095633152	1e-19	231420
19_46169826_C_G	G	0.12	0.12	1.06715902438419	5.4e-11	231420
6_34141700_C_A	A	0.035	0.035	1.08654180854824	4.3e-6	231420
12_71577582_T_C	C	0.5	0.5	0.963676135349053	5.9e-9	231420
3_49849723_G_A	A	0.32	0.32	1.03355053924131	1.6e-6	231420
6_126785062_A_G	G	0.46	0.46	1.04707441095694	3.6e-13	231420
5_44931840_C_T	T	0.62	0.38	0.965605416257566	8.8e-8	231109
5_74401269_A_G	G	0.36	0.36	0.968506582079198	1.7e-6	231420
17_47047868_G_A	A	0.56	0.44	1.04185210554548	1.3e-10	231420
5_102082011_T_C	C	0.43	0.43	1.03251750530512	4.9e-7	231420
7_44159224_T_C	C	0.52	0.48	1.03355053924131	2.3e-7	231420
8_9077307_G_C	C	0.75	0.25	0.9627129408912	4.5e-7	231109
6_51490509_A_G	G	0.03	0.03	1.10186037362101	8.6e-7	231420
12_121368518_A_T	T	0.39	0.39	1.03561970879962	9.6e-8	231420
12_4406281_A_G	G	0.47	0.47	1.05022035074003	9.8e-14	231419
15_41882383_A_C	C	0.44	0.44	0.965605416257566	4.6e-8	231420
11_72597438_C_T	T	0.23	0.23	1.03561970879962	3.1e-6	231420
17_47022998_C_T	T	0.53	0.47	1.04498235488844	2.8e-12	231420
3_123095543_T_C	C	0.25	0.25	0.923116346386636	3.6e-27	231420
6_31477681_A_G	G	0.73	0.27	1.04393789485061	1.3e-9	231109
15_77845911_C_T	T	0.31	0.31	1.05127109637602	7.5e-13	231420
4_96172338_G_A	A	0.32	0.32	1.03045453395352	3.5e-6	231420
17_47039302_A_T	T	0.27	0.27	0.947432106501798	9.2e-14	231420
12_66204598_G_A	A	0.096	0.096	1.11627807045887	1.8e-23	231420
15_42119603_C_T	T	0.34	0.34	1.04081077419239	3.6e-9	231420
22_32415651_A_G	G	0.08	0.08	0.938943473689133	7.6e-8	231420
12_71532099_G_A	A	0.41	0.41	1.04707441095694	1.2e-12	231420
4_6325018_A_T	T	0.58	0.42	1.05337574251336	1.7e-15	231420
12_123720775_G_T	T	0.75	0.25	1.04081077419239	6.5e-8	231420
4_157651817_G_T	T	0.33	0.33	0.964640293483123	1.1e-7	231420
6_127428080_T_C	C	0.3	0.3	1.03355053924131	2.3e-6	231420
11_34955674_C_T	T	0.11	0.11	1.04707441095694	4.2e-6	231420
6_153416912_G_A	A	0.41	0.41	1.03355053924131	4.2e-7	231420
2_161087411_T_C	C	0.72	0.28	1.04707441095694	1.1e-10	231420
6_51493646_C_T	T	0.027	0.027	1.10296278510851	6.3e-7	231420
16_28919341_A_G	G	0.64	0.36	0.963676135349053	2.5e-8	231420
7_130442141_C_G	G	0.31	0.31	1.05337574251336	7e-14	231420
14_103373434_C_G	G	0.17	0.17	1.04289447875076	8.6e-7	231420
3_150073703_C_T	T	0.18	0.18	1.04185210554548	7.2e-7	231420
15_77879975_A_G	G	0.63	0.37	0.9559974818331	1.1e-11	231420
7_130467272_C_T	T	0.32	0.32	1.0586558103955	2e-16	231420
3_195782176_C_T	T	0.32	0.32	0.964640293483123	1.6e-7	231420
5_102081834_T_A	A	0.43	0.43	1.03251750530512	6.8e-7	231420
10_114732906_A_C	C	0.45	0.45	1.11627807045887	2.3e-69	231420
4_185699633_G_A	A	0.17	0.17	0.952181129698505	1.2e-8	231420
6_76335841_T_G	G	0.36	0.36	0.968506582079198	1.2e-6	231420
9_22053895_G_A	A	0.093	0.093	1.06396234472803	2e-8	231420
6_31114745_T_C	C	0.54	0.46	1.04812200907966	9.8e-14	231109
5_78562000_C_T	T	0.35	0.35	0.957911390067031	1.6e-10	231420
13_80619837_C_T	T	0.55	0.45	0.967538559589032	1.9e-7	231420
10_77244014_C_T	T	0.88	0.12	0.954087397590371	1.6e-6	231420
11_35017205_G_T	T	0.71	0.29	0.9627129408912	9.5e-8	231420
1_219749261_G_A	A	0.81	0.19	0.957911390067031	8.1e-8	231420
6_32589282_G_A	A	0.25	0.25	1.0523228932832	2.2e-10	223864
15_38834033_T_C	C	0.25	0.25	1.04393789485061	8.4e-9	231420
10_94055289_C_T	T	0.35	0.35	0.94932886684289	1.6e-14	231420
19_7248139_A_G	G	0.2	0.2	1.04393789485061	2.2e-7	231420
10_112697241_C_T	T	0.76	0.24	1.03665584649092	2.3e-6	231420
3_152396380_A_G	G	0.04	0.04	0.91210514954509	1e-8	231420
11_17155432_G_A	A	0.32	0.32	1.03977048365016	8.6e-9	231420
4_20116918_C_T	T	0.13	0.13	1.04707441095694	8.9e-7	231420
3_47198826_G_A	A	0.58	0.42	1.03561970879962	7.8e-8	231420
3_129332022_T_C	C	0.1	0.1	0.943649947436799	6e-8	231420
17_46856405_G_A	A	0.27	0.27	0.956953957473047	8.1e-10	231420
10_94348200_G_A	A	0.24	0.24	0.920351147220125	3.5e-28	231420
17_3966064_A_G	G	0.39	0.39	1.04602785990872	4.9e-12	231420
6_32505551_A_G	G	0.82	0.18	1.0692954781746	9.7e-12	181381
5_101236219_C_A	A	0.19	0.19	1.04498235488844	6.1e-8	231420
20_32516001_T_C	C	0.66	0.34	1.04185210554548	1.6e-9	231420
6_160771465_C_A	A	0.48	0.48	0.9627129408912	1.5e-9	231420
2_226888198_T_C	C	0.87	0.13	0.9559974818331	1.3e-6	231420
17_47106878_T_G	G	0.32	0.32	0.957911390067031	2.5e-10	231420
1_117491123_A_G	G	0.42	0.42	0.969475573076026	2.3e-6	231420
10_65156965_G_T	T	0.3	0.3	1.03251750530512	4.7e-6	231420
8_11450422_A_G	G	0.46	0.46	1.04081077419239	1.6e-9	231109
17_47067826_G_A	A	0.41	0.41	0.961750709146367	3.6e-9	231420
17_3953083_T_C	C	0.39	0.39	1.04602785990872	6.1e-12	231420
8_9819173_A_G	G	0.71	0.29	0.960789439152323	1.8e-8	231109
11_17117125_A_G	G	0.53	0.47	1.03045453395352	2.2e-6	231420
11_128002959_A_G	G	0.18	0.18	0.9627129408912	4.8e-6	231420
5_102163300_G_A	A	0.64	0.36	0.963676135349053	1.6e-8	231420
9_22049555_C_T	T	0.47	0.47	1.03665584649092	2.7e-8	231420
20_32640272_A_G	G	0.67	0.33	1.04289447875076	5.7e-10	231420
6_32388546_T_C	C	0.77	0.23	1.05548460215508	3.2e-12	227480
12_39422793_T_C	C	0.59	0.41	0.968506582079198	7.9e-7	231109
4_104063071_C_T	T	0.39	0.39	0.964640293483123	4.1e-8	231420
5_53290586_T_A	A	0.26	0.26	1.05022035074003	1.5e-11	231420
2_226898854_C_T	T	0.23	0.23	0.94082323977601	4.6e-16	231420
13_109962419_C_T	T	0.41	0.41	0.966571504637507	1.3e-7	231420
10_124139910_T_C	C	0.6	0.4	0.967538559589032	3e-7	231420
15_75628841_C_G	G	0.76	0.24	1.0387312328785	5.9e-7	231420
10_114737324_C_T	T	0.02	0.02	0.843664816596384	4.8e-12	231420
8_9881922_G_A	A	0.069	0.069	0.938004999530729	1.9e-6	231109
6_32299715_G_A	A	0.39	0.39	1.04289447875076	4.2e-10	227480
12_66194243_C_T	T	0.11	0.11	1.10075906399398	4.7e-20	231420
5_44898129_G_T	T	0.63	0.37	0.965605416257566	9.6e-8	231109
6_32392906_C_A	A	0.84	0.16	1.07036530847877	4.7e-14	227480
2_158345202_T_C	C	0.1	0.1	0.946485147953484	2.3e-7	231420
17_65857177_C_T	T	0.2	0.2	1.0523228932832	1.2e-10	231420
7_7221952_A_T	T	0.12	0.12	1.04812200907966	1.8e-6	231420
2_172383439_T_G	G	0.74	0.26	1.03355053924131	4.6e-6	231420
20_51002433_T_C	C	0.36	0.36	0.966571504637507	4.2e-7	231420
8_9070002_T_C	C	0.63	0.37	0.959829129947799	9.8e-10	231109
5_74421397_A_G	G	0.36	0.36	0.968506582079198	1.5e-6	231420
17_40644569_A_C	C	0.07	0.07	1.07896257415728	1.7e-9	231420
11_72710761_T_C	C	0.39	0.39	0.969475573076026	2.2e-6	231420
6_127032499_G_A	A	0.51	0.49	0.9559974818331	8.1e-13	231420
4_95017589_C_T	T	0.46	0.46	0.9627129408912	4e-9	231420
17_37511517_G_A	A	0.25	0.25	1.03458460672812	3.5e-6	231420
3_152427964_C_T	T	0.043	0.043	0.911193500296141	1e-8	231420
11_92777861_C_T	T	0.75	0.25	0.965605416257566	1.9e-6	231420
17_4008820_G_A	A	0.17	0.17	1.05654061467549	5.6e-11	231420
17_76696986_G_A	A	0.53	0.47	0.971416464466605	3.5e-6	231420
6_32345443_G_T	T	0.28	0.28	1.04602785990872	3e-10	227480
4_95036553_T_A	A	0.47	0.47	0.963676135349053	6.5e-9	231420
6_32670214_A_C	C	0.26	0.26	1.04393789485061	3e-9	231109
22_38599857_G_C	C	0.58	0.42	1.03045453395352	4e-6	231420
10_100428008_G_T	T	0.16	0.16	0.957911390067031	9.1e-7	231420
4_104214616_A_G	G	0.37	0.37	0.969475573076026	2.6e-6	231420
5_157930644_G_T	T	0.21	0.21	1.03977048365016	5.6e-7	231420
5_101607603_G_A	A	0.72	0.28	0.958869780572485	3.2e-9	231420
8_10635141_G_A	A	0.6	0.4	0.961750709146367	1.7e-9	231109
11_34982146_T_G	G	0.71	0.29	0.9627129408912	3e-8	231420
3_23568388_A_C	C	0.03	0.03	1.11627807045887	2e-10	231420
6_126964026_G_T	T	0.49	0.49	1.04707441095694	5.1e-13	231420
8_129538595_T_C	C	0.29	0.29	1.04185210554548	1.4e-8	231420
8_8975038_A_G	G	0.63	0.37	0.965605416257566	1.8e-7	231109
2_43827058_T_C	C	0.15	0.15	0.926816206559382	4e-17	231420
1_235674379_C_T	T	0.34	0.34	0.964640293483123	7.3e-8	231420
2_631603_C_T	T	0.83	0.17	1.05548460215508	2.1e-10	231420
10_114781698_T_C	C	0.47	0.47	1.17351087099181	5e-148	231420
6_32310967_C_T	T	0.39	0.39	1.04185210554548	4.6e-10	227480
15_91520319_T_C	C	0.31	0.31	1.05127109637602	2.8e-13	231420
15_57224185_A_G	G	0.04	0.04	1.09308065632633	1.4e-7	231420
18_58082579_G_A	A	0.023	0.023	0.869358235398806	2.9e-10	231420
12_27923119_A_T	T	0.23	0.23	0.936130864291619	1.1e-17	231420
4_6286087_T_C	C	0.71	0.29	1.09308065632633	6.6e-36	231420
20_51020366_G_A	A	0.36	0.36	0.967538559589032	6.8e-7	231420
8_10831971_A_G	G	0.38	0.38	0.964640293483123	5.1e-8	231109
5_101948181_C_G	G	0.58	0.42	0.966571504637507	1e-7	231420
9_19029137_T_C	C	0.43	0.43	1.03561970879962	3.1e-8	231420
4_103742651_T_C	C	0.48	0.48	0.965605416257566	3.7e-8	231420
5_74371203_T_G	G	0.36	0.36	0.968506582079198	1.7e-6	231420
2_27715416_C_T	T	0.39	0.39	1.03977048365016	2.7e-9	231420
11_17247336_G_A	A	0.53	0.47	1.03045453395352	4e-6	231420
6_31502861_A_G	G	0.8	0.2	1.05022035074003	1.5e-9	231109
11_72407269_A_G	G	0.55	0.45	1.03977048365016	1.7e-9	231420
4_6294607_G_A	A	0.59	0.41	1.08980632830513	1.2e-39	231420
13_41606646_G_A	A	0.42	0.42	0.969475573076026	1.7e-6	231420
7_15025396_T_A	A	0.35	0.35	1.04498235488844	3.9e-11	231420
9_96933251_G_A	A	0.32	0.32	1.03561970879962	1.4e-7	231420
2_65289825_A_G	G	0.37	0.37	0.948380012482298	1.5e-15	231420
11_47715524_T_C	C	0.44	0.44	0.967538559589032	3.3e-7	231109
11_34895100_T_C	C	0.11	0.11	1.04707441095694	3.8e-6	231420
11_65195255_G_A	A	0.74	0.26	0.966571504637507	3.3e-6	231420
22_32442074_G_A	A	0.075	0.075	0.932393819905948	7.6e-8	187437
5_101634575_T_C	C	0.27	0.27	0.963676135349053	4.1e-7	231420
6_6999383_G_A	A	0.55	0.45	0.967538559589032	2.5e-7	231420
8_41506380_A_G	G	0.59	0.41	1.06183654654536	2.6e-20	231420
12_123672634_T_C	C	0.79	0.21	1.04602785990872	9.2e-9	231420
6_32375745_G_A	A	0.51	0.49	1.03561970879962	4.3e-8	227480
6_26226032_C_G	G	0.3	0.3	0.968506582079198	5e-6	231109
4_95004716_A_G	G	0.46	0.46	0.963676135349053	7.7e-9	231420
6_51417405_A_G	G	0.03	0.03	1.10406629955888	4.2e-7	231420
9_22029445_G_A	A	0.47	0.47	1.03561970879962	2.6e-8	231420
11_32646854_T_C	C	0.0600000000000001	0.0600000000000001	0.922193691444608	7.6e-9	231420
10_114794719_C_T	T	0.46	0.46	1.18530485132037	3.5e-151	231420
9_22043926_A_G	G	0.42	0.42	0.944594069366523	1.5e-18	231420
5_102690633_C_A	A	0.63	0.37	0.963676135349053	1.7e-8	231420
4_103942790_A_G	G	0.34	0.34	0.961750709146367	6.7e-9	231420
5_101123995_G_A	A	0.049	0.049	1.09746173526808	6.2e-10	231420
17_65970837_G_T	T	0.21	0.21	1.04812200907966	1.6e-9	231420
20_32532114_T_G	G	0.66	0.34	1.04081077419239	2.1e-9	231420
8_110106246_C_G	G	0.61	0.39	0.970445533548508	4.9e-6	231420
16_81520932_A_G	G	0.57	0.43	0.968506582079198	1e-6	231420
16_29958216_G_A	A	0.46	0.46	1.03977048365016	7.7e-10	231420
9_125808861_C_A	A	0.12	0.12	0.953133787077505	8.8e-7	231420
10_94176088_T_C	C	0.43	0.43	0.960789439152323	6.5e-10	231420
12_121403724_G_A	A	0.58	0.42	0.963676135349053	1.2e-8	231420
8_10615383_C_G	G	0.52	0.48	0.968506582079198	5.8e-7	231109
3_149183359_C_T	T	0.4	0.4	0.969475573076026	2.5e-6	231420
9_33905525_G_C	C	0.38	0.38	0.968506582079198	8.6e-7	231420
6_20631810_A_C	C	0.05	0.05	1.12749685157938	2.3e-14	231420
8_110063614_C_T	T	0.57	0.43	0.968506582079198	7.9e-7	231420
18_57909799_T_C	C	0.27	0.27	1.0523228932832	1.8e-12	231420
6_127428118_T_C	C	0.3	0.3	1.03251750530512	4.1e-6	231420
4_103977938_T_A	A	0.39	0.39	0.963676135349053	1.6e-8	231420
10_114642156_T_C	C	0.02	0.02	1.20924959765725	1.4e-14	231420
11_72406297_C_A	A	0.55	0.45	1.0387312328785	3.7e-9	231420
5_53300073_T_C	C	0.25	0.25	1.05337574251336	9e-13	231420
5_44859172_C_G	G	0.63	0.37	0.965605416257566	6.8e-8	231109
16_87439626_G_A	A	0.013	0.013	1.16183424272828	4.8e-6	231420
17_65863466_T_C	C	0.2	0.2	1.0523228932832	1.3e-10	231420
3_23454366_T_C	C	0.09	0.09	0.937067463377403	4.1e-9	231420
5_102438291_A_G	G	0.3	0.3	1.04602785990872	1e-10	231420
13_59145116_C_T	T	0.32	0.32	0.9627129408912	3.5e-8	231420
1_205134987_T_C	C	0.25	0.25	1.04185210554548	3.5e-8	231420
9_136146046_G_A	A	0.33	0.33	1.04707441095694	1.4e-11	231420
11_47800628_C_T	T	0.055	0.055	1.07680680549622	1e-7	231109
7_28239213_G_A	A	0.092	0.092	1.05971499571029	1.3e-6	187437
11_85260097_C_T	T	0.043	0.043	0.927743486328553	4.5e-6	231420
4_77551310_C_T	T	0.59	0.41	1.03148550388652	1.9e-6	231420
3_12274994_G_A	A	0.063	0.063	0.895834135296528	8.5e-16	231420
5_101883087_C_T	T	0.29	0.29	0.966571504637507	2e-6	231420
22_41624761_G_A	A	0.37	0.37	0.967538559589032	8.5e-7	231420
11_17193122_T_A	A	0.54	0.46	1.03045453395352	2.8e-6	231420
1_51498067_G_C	C	0.11	0.11	0.945539135890396	4.8e-8	231109
11_34909926_T_G	G	0.69	0.31	0.964640293483123	1.1e-7	231420
12_71562306_T_C	C	0.5	0.5	0.963676135349053	4.9e-9	231420
14_103874420_G_A	A	0.65	0.35	1.03665584649092	1.1e-7	231420
5_78440096_C_T	T	0.36	0.36	0.9559974818331	1.1e-11	231420
10_65392056_T_C	C	0.27	0.27	1.03458460672812	3.8e-6	231420
12_121435587_G_T	T	0.35	0.35	1.03148550388652	2.3e-6	231420
10_71513557_G_C	C	0.76	0.24	1.04081077419239	1.1e-7	231420
20_42238857_G_A	A	0.82	0.18	1.04081077419239	1e-6	231420
2_161194255_C_T	T	0.79	0.21	1.04498235488844	1.8e-8	231420
4_153510588_T_C	C	0.3	0.3	0.950278670532427	1.2e-13	231420
6_32684831_A_T	T	0.24	0.24	1.04081077419239	1.3e-7	231109
7_156933082_G_T	T	0.1	0.1	0.930530895811206	3e-11	231420
10_94184772_G_A	A	0.32	0.32	0.960789439152323	6.6e-9	231420
12_121562854_C_T	T	0.043	0.043	1.07788415088463	2.3e-6	231420
3_186659784_A_G	G	0.13	0.13	0.955041962190715	1.9e-6	231420
12_123683155_A_G	G	0.79	0.21	1.04498235488844	2.1e-7	187437
8_95987480_G_T	T	0.19	0.19	1.04081077419239	1.1e-6	231420
10_124157858_G_C	C	0.48	0.48	0.955041962190715	3.2e-13	231420
5_52772085_A_G	G	0.22	0.22	1.03977048365016	4.2e-7	231420
17_4025837_C_T	T	0.17	0.17	1.05759768373661	3.5e-11	231420
10_94117786_C_T	T	0.46	0.46	1.05548460215508	5.2e-17	231420
5_78340286_A_G	G	0.52	0.48	0.971416464466605	3.5e-6	231420
15_77315432_A_G	G	0.45	0.45	1.04185210554548	4.1e-10	231420
9_107505235_A_G	G	0.08	0.08	0.946485147953484	4.8e-6	231420
6_32451822_C_T	T	0.22	0.22	1.06822671716599	6.8e-17	227480
